{
  "q_values": [
    22.22748434697052,
    5.528517118887038,
    20.579485201055036
  ],
  "weights": [
    [
      -0.017328944623286713,
      -0.05937383451812572,
      -4.009124361833955,
      -0.00886139288704868,
      0.004430696566060988,
      -0.08120250610219237,
      0.24965516727245074,
      -0.20438339969348718,
      -0.7646170848902045,
      2.149670587841115,
      -0.30612052435839043,
      -10.0,
      -0.3013403005240889,
      -0.0007385357080752011,
      0.16337906453440976,
      1.2644746464087844e-10,
      1.3430533284015809,
      5.873877763655713,
      10.0,
      -3.1475874572172344,
      9.320748238545491,
      1.2147658246934252,
      0.41500552071023555,
      0.5767104523559645,
      -0.12285815245257181,
      -0.08864085854990122,
      0.15792675139118728,
      0.4352463606357979,
      -0.1920866476065548,
      -0.1913009592201007,
      -0.18736448802483885,
      -3.0262342947386074,
      -2.389636825112717,
      -1.9134437608266097,
      0.4116490410480038,
      5.320428932364905,
      -0.7797317214819941,
      1.3117746147772777,
      1.1636218952114712,
      0.0
    ],
    [
      -10.0,
      -10.0,
      -1.7958449765465048,
      -10.0,
      -10.0,
      -10.0,
      -4.395031310232298,
      10.0,
      10.0,
      -0.1275572329532224,
      10.0,
      -7.053754499385832,
      10.0,
      10.0,
      10.0,
      -10.0,
      -10.0,
      10.0,
      10.0,
      -1.752505309668777,
      -10.0,
      10.0,
      -10.0,
      3.0994870024733245,
      10.0,
      -10.0,
      -0.7485109128715521,
      0.5737976809861607,
      -10.0,
      -10.0,
      -10.0,
      1.632591258334287,
      2.700957797205774,
      -1.2782854101824341,
      -3.478629144338811,
      10.0,
      10.0,
      10.0,
      10.0,
      0.0
    ],
    [
      -0.08971384647160369,
      -0.11447626582366821,
      3.488797830940598,
      -0.022226810888334114,
      0.011113403336686645,
      -0.030892520487645125,
      -1.9662267303601428,
      -0.0723698114624236,
      -0.7709388367684227,
      -2.475940904491104,
      0.020937576448006645,
      -6.708665595786812,
      0.3203135508300754,
      -0.0003051217200509271,
      0.44791945261893196,
      9.837400111838846e-11,
      1.8253576302075167,
      4.954778232528529,
      10.0,
      -6.854934076833004,
      10.0,
      0.9348463204110007,
      0.3658906663663405,
      -0.2731588081767349,
      -0.2490943261952978,
      -0.022280446735787107,
      0.008476252332926038,
      0.06291023057588419,
      0.02473357845326163,
      0.17373639558422838,
      0.1341941503569739,
      -1.5543871294511042,
      -3.3736005275096375,
      0.3080381704759345,
      0.5074978163958512,
      5.501032667654954,
      1.6612722526141397,
      1.642913658837756,
      0.3019709017320764,
      0.0
    ]
  ],
  "cov_inv_matrices": [
    [
      [
        4.887162955933768,
        -1.508399402883147e-05,
        -0.009587858346941674,
        -0.0007638135067125229,
        0.0003819067533740036,
        -1.5311794972035137e-05,
        -0.00013305175409357564,
        -4.710300961959109e-05,
        4.859731958395989e-05,
        0.0010610955941171114,
        -0.0006654383787751408,
        0.00037594365994937835,
        -0.0002589530185985787,
        -2.2460740008939614e-08,
        4.874362399212512e-05,
        1.202155775126954e-14,
        -0.00020100260669573666,
        -0.00023282444052684273,
        0.000266418667604995,
        -0.002425027695080952,
        0.000849016432251174,
        2.3458612083154162e-05,
        3.433384437283334e-05,
        0.0005096129636083082,
        -8.897236810617774e-05,
        -0.00010941387631154551,
        -7.696404618193293e-05,
        -3.487290547173062e-05,
        -0.00022946651437215544,
        -9.358764710420588e-05,
        -8.218506711951118e-05,
        -0.0004191376308546249,
        -0.0009700811365695076,
        -0.0001356527900956874,
        -6.403246672607611e-05,
        7.040780300703075e-05,
        -0.001191236642882888,
        0.001198277423183543,
        -0.0001373570415304945,
        0.0
      ],
      [
        -1.508399402883147e-05,
        4.887256514877737,
        -0.0017743974705270618,
        -0.0014882729084635196,
        0.0007441364542180276,
        -0.0003991199109471807,
        -0.0014891552534213271,
        -0.00068182383548991,
        5.02801939784153e-05,
        0.00013684435461435622,
        0.0005523767778888901,
        -0.0025487750192236674,
        -7.349404299393286e-05,
        -6.632957786837755e-07,
        3.256386921409834e-05,
        3.25836657189603e-14,
        0.00034254885506766346,
        0.0008678324994146827,
        0.001899749343205087,
        -0.0014036692642223297,
        -0.003418051442942609,
        0.00014015303913232708,
        6.68307666187209e-05,
        0.0016429732190773008,
        -2.3093741647782755e-05,
        -4.9051400160566956e-05,
        7.13010707550119e-05,
        2.057025112995606e-05,
        -5.369091374087445e-05,
        6.490747698460235e-05,
        3.0130763517292228e-05,
        -0.0027446568065819465,
        0.00020526082707367379,
        0.001284289286506495,
        -0.00022668962030927627,
        -0.000494667412208407,
        -0.00062864611314539,
        0.0005791793719319269,
        -0.0002462357561264681,
        0.0
      ],
      [
        -0.009587858346941674,
        -0.0017743974705270618,
        0.7518012119185999,
        0.0010208485104711003,
        -0.0005104242557505017,
        -0.004207701308048133,
        -0.10888053435233361,
        -0.006991197228437055,
        0.0005795661882461323,
        -0.14250252985719192,
        -0.017951971355265904,
        -0.03362510417923967,
        -0.008776393194241618,
        -1.125190254179112e-05,
        -0.0009735251362866212,
        5.632468254832309e-15,
        -0.012751485013106311,
        -0.0019747593231688445,
        -0.05086606188840731,
        -0.04450161593525556,
        -0.052355166775588616,
        -0.0005876452507480271,
        -0.00030734398512757084,
        -0.1684507502143754,
        -0.0008490646686043386,
        -7.587382243450958e-05,
        0.014125864440438255,
        0.001976737950214814,
        -0.006875118644118141,
        -0.000734024167431992,
        -0.0036515452837062724,
        0.01266072790587,
        -0.026443507583981174,
        0.021003507974912485,
        -0.004088558018887662,
        -0.015153966081131249,
        -0.017079051656054146,
        0.015563655047938886,
        -1.1383678412172511e-05,
        0.0
      ],
      [
        -0.0007638135067125229,
        -0.0014882729084635196,
        0.0010208485104711003,
        1.4016711184324224,
        1.742945707615301,
        -0.0031062316545786973,
        0.32248679183912193,
        -0.005938044576791406,
        -0.0014452873396372024,
        0.028218238564389188,
        -0.003302516861296426,
        -0.04480463210803132,
        -0.0022518763800050256,
        -6.889106470043435e-07,
        0.0003630151447379819,
        -5.071776591625452e-14,
        -0.005323806023380177,
        0.0004404990382838118,
        -0.02895826036723902,
        0.018313090298012397,
        0.032390908199683446,
        0.0005790500530635685,
        0.0006017104478438333,
        -0.3051546861780225,
        0.00048695504394772747,
        0.0009254719065798274,
        -0.0004136417174190217,
        0.0015083153350944423,
        -0.0018544970203354769,
        0.0020513204380717565,
        0.0005950245630537085,
        0.006273431339103588,
        0.0021908829220949897,
        -0.002422530102543046,
        -0.008998844792835189,
        -0.002955857028130518,
        -0.011454671795652942,
        0.011159086092708098,
        -0.00262965072519746,
        0.0
      ],
      [
        0.0003819067533740036,
        0.0007441364542180276,
        -0.0005104242557505017,
        1.742945707615301,
        4.016089679856048,
        0.0015531158272759802,
        -0.16124339591925463,
        0.002969022288414673,
        0.000722643669809719,
        -0.014109119281963563,
        0.0016512584307003509,
        0.022402316054018608,
        0.0011259381900485185,
        3.444553787756346e-07,
        -0.00018150757256657553,
        -9.490710771124102e-14,
        0.0026619030118242323,
        -0.00022024951861912095,
        0.014479130183950457,
        -0.009156545149292167,
        -0.016195454100111906,
        -0.00028952502652754763,
        -0.0003008552239145138,
        0.15257734308898208,
        -0.00024347752201569494,
        -0.00046273595323226665,
        0.0002068208585596553,
        -0.0007541576675178985,
        0.0009272485101916371,
        -0.0010256602190742616,
        -0.00029751228154984246,
        -0.0031367156697296953,
        -0.0010954414605776502,
        0.0012112650508223192,
        0.004499422396240998,
        0.0014779285142293114,
        0.005727335898020463,
        -0.005579543046845563,
        0.0013148253626083799,
        0.0
      ],
      [
        -1.5311794972035137e-05,
        -0.0003991199109471807,
        -0.004207701308048133,
        -0.0031062316545786973,
        0.0015531158272759802,
        4.886748034585069,
        -0.003545330994961087,
        -0.001393519022158753,
        7.068409408519737e-05,
        6.484797159462958e-05,
        0.0013670546400227743,
        -0.004132689773274974,
        -1.3654303508825247e-05,
        -8.272193523512978e-07,
        0.00010638010282226343,
        -2.7430482699123886e-14,
        0.0005319394460909983,
        0.0007382873276418397,
        0.002056959856070659,
        -0.0018815158989186787,
        -0.006937164957791755,
        0.000171582123592115,
        6.442886537841492e-05,
        0.003792685755584064,
        -5.0178080267094234e-05,
        -0.00010961862123485365,
        0.00013652713381805167,
        -5.915031073365949e-06,
        -3.7899725258952244e-05,
        5.001355037508638e-05,
        3.885088825414372e-05,
        -0.0021356109958630123,
        -0.0072257951836645585,
        0.0022586608371538705,
        -0.0001387268593837747,
        -0.0005348440962707024,
        -0.0006921192809395978,
        0.0006386348713281118,
        -0.0003808961483536993,
        0.0
      ],
      [
        -0.00013305175409357564,
        -0.0014891552534213271,
        -0.10888053435233361,
        0.32248679183912193,
        -0.16124339591925463,
        -0.003545330994961087,
        0.5979832094419613,
        -0.006410213829143363,
        0.00014036805231189286,
        -0.05633910482024389,
        -0.00389607818585231,
        -0.03765154942897743,
        -0.0037048972052963567,
        4.754894563854046e-06,
        0.0010893487007092332,
        2.910038754059035e-15,
        -0.0012450882928237224,
        -0.006882005227321827,
        -0.011675588356199343,
        0.017439499176472847,
        0.05524195608621128,
        0.0009463916347457767,
        -0.0006159691062336851,
        -0.364911458113845,
        0.0012795295217285269,
        -3.4432775567018944e-05,
        -0.0056550703288598,
        0.0031476159935122923,
        -0.0016437730591883997,
        0.0017348199969107292,
        -0.0008328019269568279,
        0.0204381189327085,
        -0.03311758394951605,
        -0.004165875015917641,
        -0.012784917898675627,
        0.0032332444421387004,
        -0.0032790829688765146,
        0.0036024074130897475,
        -0.006553484526467585,
        0.0
      ],
      [
        -4.710300961959109e-05,
        -0.00068182383548991,
        -0.006991197228437055,
        -0.005938044576791406,
        0.002969022288414673,
        -0.001393519022158753,
        -0.006410213829143363,
        4.885054436221549,
        0.00013697306494916652,
        -0.0003270208419065058,
        0.0025909608063909165,
        -0.006767946304961783,
        -0.00020861367515269847,
        -1.1053710937447898e-06,
        0.00014567539078306222,
        4.79932469239498e-14,
        0.0006378260503860503,
        0.0005262655331377483,
        0.0026500840512829337,
        -0.0038774162205817146,
        -0.0105452207182207,
        0.0002853145435326726,
        8.200693140098443e-05,
        0.00680190828585387,
        -5.0357153377740744e-05,
        -0.00022703475881288154,
        7.757074822722656e-05,
        3.503167620500857e-05,
        -9.156032131212184e-05,
        4.330023202481345e-05,
        1.9153148960729443e-06,
        -0.0047612453494726035,
        -0.013258304547582036,
        0.003525670864922761,
        -0.0002631238511364347,
        -0.0005599295282527301,
        -0.0011500684736504294,
        0.0010940755207786107,
        -0.0006532803165175379,
        0.0
      ],
      [
        4.859731958395989e-05,
        5.02801939784153e-05,
        0.0005795661882461323,
        -0.0014452873396372024,
        0.000722643669809719,
        7.068409408519737e-05,
        0.00014036805231189286,
        0.00013697306494916652,
        0.006211721083791869,
        -0.0002485335002280829,
        -8.299129370785688e-05,
        -0.0010017803942139129,
        -8.14007492926097e-06,
        1.1903997415480643e-06,
        0.0003007824630784345,
        -4.227218057170772e-15,
        -0.0003105086193303949,
        0.0005492225883740607,
        -0.001122920124615436,
        -0.00011841300777625439,
        -0.00046482360856029976,
        -6.353600790214504e-05,
        1.7163892725148306e-05,
        0.00024041960473231462,
        2.798821481707162e-06,
        5.427400130065326e-05,
        5.075208092607749e-05,
        2.2268090773034174e-05,
        5.51817740428162e-05,
        -2.8367942240454444e-05,
        4.1014539652930846e-05,
        -0.0001554324498111002,
        -0.0012926872968422333,
        0.0003546297604931707,
        0.0009008507950547478,
        0.005831403703376754,
        -0.0003652032088979877,
        0.0009483435792242241,
        1.5480611908027507e-05,
        0.0
      ],
      [
        0.0010610955941171114,
        0.00013684435461435622,
        -0.14250252985719192,
        0.028218238564389188,
        -0.014109119281963563,
        6.484797159462958e-05,
        -0.05633910482024389,
        -0.0003270208419065058,
        -0.0002485335002280829,
        0.1310637966968672,
        -3.0758033841732143e-05,
        0.013027581892268984,
        0.00034937430973077706,
        2.091832581001752e-06,
        -0.00036658394749339415,
        4.054036020454504e-15,
        -0.002424312722276202,
        0.0006869632419322287,
        -0.005409605512815493,
        -0.0034292453141336974,
        -0.017485645450724126,
        -0.0003562883670824805,
        0.0001309184963944506,
        0.05227772608619931,
        0.0002452638406082149,
        0.0005672142331716693,
        -0.0041835559326176604,
        -0.00032782743677971596,
        -0.00014623410308207225,
        0.0007930179286883252,
        -0.00017933616739580866,
        -0.006807954584650943,
        0.016823562314276758,
        -0.0010987391534439243,
        9.067500007096816e-05,
        0.004130801325141828,
        -0.0005731506987527475,
        0.000986230831262167,
        -3.403782478104661e-05,
        0.0
      ],
      [
        -0.0006654383787751408,
        0.0005523767778888901,
        -0.017951971355265904,
        -0.003302516861296426,
        0.0016512584307003509,
        0.0013670546400227743,
        -0.00389607818585231,
        0.0025909608063909165,
        -8.299129370785688e-05,
        -3.0758033841732143e-05,
        4.878735029907983,
        0.009179932801871897,
        -0.00023848096340782797,
        -4.409170914679484e-09,
        -3.072555525903581e-05,
        3.1280365678737422e-15,
        -0.00047147206348496887,
        -0.00018255461887872323,
        0.002063658800207378,
        -0.001601923764490124,
        0.005964419196072109,
        -9.876032497669419e-05,
        -1.3088486349075859e-05,
        0.006348573590611356,
        -5.158442526355923e-05,
        4.744206557098626e-05,
        3.4115451289409374e-05,
        -0.00017620538310587344,
        -0.00022090140869010283,
        -0.00011697820185494891,
        -6.701334132827339e-05,
        0.0019426196317787593,
        0.006854967508299935,
        -0.002335826626743835,
        4.260688921810321e-05,
        -9.995535758276409e-05,
        -0.0003648335673449906,
        0.00035483803158573897,
        0.0003087520214758141,
        0.0
      ],
      [
        0.00037594365994937835,
        -0.0025487750192236674,
        -0.03362510417923967,
        -0.04480463210803132,
        0.022402316054018608,
        -0.004132689773274974,
        -0.03765154942897743,
        -0.006767946304961783,
        -0.0010017803942139129,
        0.013027581892268984,
        0.009179932801871897,
        0.590162451651654,
        -0.005197382306297963,
        -2.7059538952362984e-07,
        -0.0017936623219767071,
        -5.683611276330097e-15,
        -0.013419626747963799,
        -0.010931339350375059,
        -0.010270815152287562,
        -0.19060421933604985,
        0.10513306106068691,
        -0.002351468686839067,
        -0.0018828271844699195,
        0.04881179778926772,
        -0.00014402661142172023,
        0.0011658593540914896,
        -0.002242979244174658,
        0.0019221971650142545,
        -0.0014390309066206312,
        0.002497723048152012,
        -0.003184283600225704,
        -0.034402517848330066,
        0.012711860441647122,
        -0.0024239543392166395,
        0.027753107731457293,
        0.003536663101716096,
        -0.0008555014547456012,
        0.0012091677649171385,
        -0.007986782361331261,
        0.0
      ],
      [
        -0.0002589530185985787,
        -7.349404299393286e-05,
        -0.008776393194241618,
        -0.0022518763800050256,
        0.0011259381900485185,
        -1.3654303508825247e-05,
        -0.0037048972052963567,
        -0.00020861367515269847,
        -8.14007492926097e-06,
        0.00034937430973077706,
        -0.00023848096340782797,
        -0.005197382306297963,
        4.881446433337007,
        -6.143761324286971e-07,
        -0.0002685822714889281,
        -6.804785057411963e-15,
        -0.00990584410451642,
        -0.00846870526385369,
        -0.00864908889334257,
        0.006653079670737071,
        -0.0008841463685840469,
        -0.0006224129991802622,
        -0.00012607105562535535,
        0.003429557812108173,
        0.0003961994245396722,
        -0.00010101152709808561,
        -0.0036620948956795664,
        -0.0004295395052549847,
        -0.001861424220890647,
        -0.00041922895838339056,
        -0.0017659801921701083,
        0.0007804785276974009,
        -0.0021059615612025046,
        -0.0013249801921761133,
        -0.0010162447176459914,
        0.0029786599886611914,
        -0.008891759049380993,
        0.009189625048263057,
        -0.0027237598449378056,
        0.0
      ],
      [
        -2.2460740008939614e-08,
        -6.632957786837755e-07,
        -1.125190254179112e-05,
        -6.889106470043435e-07,
        3.444553787756346e-07,
        -8.272193523512978e-07,
        4.754894563854046e-06,
        -1.1053710937447898e-06,
        1.1903997415480643e-06,
        2.091832581001752e-06,
        -4.409170914679484e-09,
        -2.7059538952362984e-07,
        -6.143761324286971e-07,
        4.887562359665038,
        -2.2251530337687083e-05,
        5.497481065729974e-14,
        1.5411360228681346e-06,
        3.5118204386386982e-06,
        1.454943045796069e-05,
        5.302712968809715e-06,
        1.8809553704811706e-05,
        -2.721525699935293e-07,
        -1.6725925673607394e-07,
        7.444214070806778e-07,
        -5.125312512137231e-07,
        -3.095696546982662e-07,
        5.260379107986344e-06,
        5.320076569416642e-07,
        -1.3080431995318876e-07,
        1.882226082985927e-07,
        -1.1652182244682084e-07,
        -1.0932791085573945e-06,
        -3.2819539014236055e-06,
        2.7261403733661523e-06,
        1.987646438992155e-05,
        -6.098930409823975e-06,
        -4.62917466261317e-06,
        4.019281585249675e-06,
        -1.8684807924300231e-06,
        0.0
      ],
      [
        4.874362399212512e-05,
        3.256386921409834e-05,
        -0.0009735251362866212,
        0.0003630151447379819,
        -0.00018150757256657553,
        0.00010638010282226343,
        0.0010893487007092332,
        0.00014567539078306222,
        0.0003007824630784345,
        -0.00036658394749339415,
        -3.072555525903581e-05,
        -0.0017936623219767071,
        -0.0002685822714889281,
        -2.2251530337687083e-05,
        0.004148436036803707,
        1.697145041942186e-14,
        -0.0005338301029749399,
        0.0014027630501648066,
        -0.002024317248058915,
        -0.0006459630938649874,
        0.001410871949686525,
        -7.15992678935698e-05,
        -1.6304866266545602e-05,
        -0.0003669067045141569,
        2.7228314127365305e-05,
        1.1317760074666953e-05,
        -1.364815848625037e-05,
        6.675163495992087e-06,
        -1.1048679265303483e-05,
        -1.1121998364578726e-05,
        0.00011537047691129624,
        -0.00030776902429705314,
        0.0017274587229302123,
        -0.0007851614390412998,
        0.0011959200579837142,
        -0.0003247316236318813,
        -0.00016308976885750582,
        0.00013061660648952235,
        -8.910785451369098e-05,
        0.0
      ],
      [
        1.202155775126954e-14,
        3.25836657189603e-14,
        5.632468254832309e-15,
        -5.071776591625452e-14,
        -9.490710771124102e-14,
        -2.7430482699123886e-14,
        2.910038754059035e-15,
        4.79932469239498e-14,
        -4.227218057170772e-15,
        4.054036020454504e-15,
        3.1280365678737422e-15,
        -5.683611276330097e-15,
        -6.804785057411963e-15,
        5.497481065729974e-14,
        1.697145041942186e-14,
        4.887562533663354,
        -4.706740863148682e-14,
        -1.3918386261458289e-14,
        -6.805888621258913e-14,
        -2.7249534182152242e-14,
        2.2836738187282815e-16,
        -2.3474822002515963e-16,
        -1.5436555255580508e-14,
        -1.986918302814781e-15,
        7.147069132078015e-15,
        -6.302422201067706e-14,
        -8.139996377849265e-15,
        2.3074206676945057e-15,
        -4.865922733142261e-15,
        4.626003318664553e-14,
        -2.2272444653674794e-14,
        2.8319233206356648e-15,
        1.0970308428488505e-14,
        7.417746815635533e-16,
        -2.4059969032680314e-16,
        -1.07216486358908e-15,
        1.1147419622314129e-13,
        1.0089244514573704e-13,
        -1.4699273725894305e-15,
        0.0
      ],
      [
        -0.00020100260669573666,
        0.00034254885506766346,
        -0.012751485013106311,
        -0.005323806023380177,
        0.0026619030118242323,
        0.0005319394460909983,
        -0.0012450882928237224,
        0.0006378260503860503,
        -0.0003105086193303949,
        -0.002424312722276202,
        -0.00047147206348496887,
        -0.013419626747963799,
        -0.00990584410451642,
        1.5411360228681346e-06,
        -0.0005338301029749399,
        -4.706740863148682e-14,
        4.842808003587007,
        -0.03541935275559975,
        -0.03503302456246532,
        0.02052011620919546,
        0.009864144591190116,
        -0.005198936668335555,
        -0.0010702298168978387,
        0.006148502706556149,
        0.0007585702955803498,
        0.0002859269078141438,
        -0.0039024454098565654,
        -0.00019485137239438712,
        -0.002331381995594653,
        0.00021405827205703512,
        -0.003262228769309612,
        0.004895898621744126,
        -0.0007746655259296356,
        -0.008922123169702947,
        -9.33890490939912e-05,
        0.0030962428735244406,
        0.0028417622472230383,
        -0.0025321379599075595,
        -0.008571177836080995,
        0.0
      ],
      [
        -0.00023282444052684273,
        0.0008678324994146827,
        -0.0019747593231688445,
        0.0004404990382838118,
        -0.00022024951861912095,
        0.0007382873276418397,
        -0.006882005227321827,
        0.0005262655331377483,
        0.0005492225883740607,
        0.0006869632419322287,
        -0.00018255461887872323,
        -0.010931339350375059,
        -0.00846870526385369,
        3.5118204386386982e-06,
        0.0014027630501648066,
        -1.3918386261458289e-14,
        -0.03541935275559975,
        4.6421110536736565,
        -0.15678928588838842,
        -0.01729924069664824,
        -0.01051613807480432,
        -0.01374045589064618,
        -0.009261645972851916,
        -0.00022369187332526414,
        0.001096096499039374,
        0.0005089701996424407,
        -0.0012080100676323102,
        -0.0005201073736847393,
        -0.0015219600820388934,
        0.0006855108216984326,
        -0.0019109328130428663,
        -0.030568861038376,
        0.002307630123361936,
        -0.013390650887553278,
        0.0034064178775259687,
        0.0037670321863746675,
        0.026048500060427023,
        -0.025671796841804317,
        -0.010789334734456174,
        0.0
      ],
      [
        0.000266418667604995,
        0.001899749343205087,
        -0.05086606188840731,
        -0.02895826036723902,
        0.014479130183950457,
        0.002056959856070659,
        -0.011675588356199343,
        0.0026500840512829337,
        -0.001122920124615436,
        -0.005409605512815493,
        0.002063658800207378,
        -0.010270815152287562,
        -0.00864908889334257,
        1.454943045796069e-05,
        -0.002024317248058915,
        -6.805888621258913e-14,
        -0.03503302456246532,
        -0.15678928588838842,
        4.318730782319358,
        -0.07473777725741079,
        0.059299090611241514,
        -0.012048930719245753,
        -0.005813427614166964,
        0.03617479331729303,
        0.0007810532496058064,
        0.0010723979433512974,
        -0.005878384070547439,
        0.0005979816040778164,
        -0.002049726541270499,
        0.0008700384369742767,
        -0.003329999954862057,
        0.015566224760842778,
        -0.0021922564437890455,
        -0.03677816641051826,
        0.010282702834469342,
        0.006984168804426295,
        0.030528361220541676,
        -0.029829944340119374,
        -0.0068177487585329944,
        0.0
      ],
      [
        -0.002425027695080952,
        -0.0014036692642223297,
        -0.04450161593525556,
        0.018313090298012397,
        -0.009156545149292167,
        -0.0018815158989186787,
        0.017439499176472847,
        -0.0038774162205817146,
        -0.00011841300777625439,
        -0.0034292453141336974,
        -0.001601923764490124,
        -0.19060421933604985,
        0.006653079670737071,
        5.302712968809715e-06,
        -0.0006459630938649874,
        -2.7249534182152242e-14,
        0.02052011620919546,
        -0.01729924069664824,
        -0.07473777725741079,
        1.1785254840705082,
        -0.42179883378816374,
        -0.0033814343463109365,
        -0.00042592450085566635,
        -0.008431305962202193,
        -0.0012540828106876903,
        -0.0013658743041955815,
        0.0011765523053665415,
        -0.0021237782403666985,
        0.00036570417212727295,
        0.00025593884177756864,
        0.0034854963231708987,
        0.014649529817029095,
        0.00025895152841312564,
        0.020660845213857852,
        0.03818981625680845,
        -0.001919471985452037,
        -0.02743114501423075,
        0.027239197815674354,
        -0.006278862654277077,
        0.0
      ],
      [
        0.000849016432251174,
        -0.003418051442942609,
        -0.052355166775588616,
        0.032390908199683446,
        -0.016195454100111906,
        -0.006937164957791755,
        0.05524195608621128,
        -0.0105452207182207,
        -0.00046482360856029976,
        -0.017485645450724126,
        0.005964419196072109,
        0.10513306106068691,
        -0.0008841463685840469,
        1.8809553704811706e-05,
        0.001410871949686525,
        2.2836738187282815e-16,
        0.009864144591190116,
        -0.01051613807480432,
        0.059299090611241514,
        -0.42179883378816374,
        3.5331026818659677,
        -0.0004238966726803126,
        -0.001287370351055694,
        -0.027463016880873728,
        -0.0018403948536858743,
        0.0003339305420600456,
        0.010325583087851998,
        0.002576117423341051,
        -0.0029939629370449973,
        -0.00236056500108768,
        0.0017541465619585962,
        -0.04084372182684812,
        -0.017176867433696598,
        0.059479723465700504,
        0.03178159761132023,
        -0.011432167619367044,
        -0.015075951601922228,
        0.013932734839979068,
        -0.014985490840770025,
        0.0
      ],
      [
        2.3458612083154162e-05,
        0.00014015303913232708,
        -0.0005876452507480271,
        0.0005790500530635685,
        -0.00028952502652754763,
        0.000171582123592115,
        0.0009463916347457767,
        0.0002853145435326726,
        -6.353600790214504e-05,
        -0.0003562883670824805,
        -9.876032497669419e-05,
        -0.002351468686839067,
        -0.0006224129991802622,
        -2.721525699935293e-07,
        -7.15992678935698e-05,
        -2.3474822002515963e-16,
        -0.005198936668335555,
        -0.01374045589064618,
        -0.012048930719245753,
        -0.0033814343463109365,
        -0.0004238966726803126,
        4.885091381858968,
        -0.0007530085313211973,
        -0.00013784017873022612,
        4.0646048228345224e-05,
        6.05267939323092e-05,
        2.4389479079018642e-06,
        3.498355021275975e-05,
        -0.00011446763234876942,
        7.632065847068703e-05,
        -0.00013963457044119507,
        0.000752101996350465,
        7.647513777380335e-05,
        -0.0023866085202883442,
        0.0012072583686583006,
        0.00015086552239561778,
        0.003229323434089575,
        -0.003214236881850503,
        -0.0010787346995163212,
        0.0
      ],
      [
        3.433384437283334e-05,
        6.68307666187209e-05,
        -0.00030734398512757084,
        0.0006017104478438333,
        -0.0003008552239145138,
        6.442886537841492e-05,
        -0.0006159691062336851,
        8.200693140098443e-05,
        1.7163892725148306e-05,
        0.0001309184963944506,
        -1.3088486349075859e-05,
        -0.0018828271844699195,
        -0.00012607105562535535,
        -1.6725925673607394e-07,
        -1.6304866266545602e-05,
        -1.5436555255580508e-14,
        -0.0010702298168978387,
        -0.009261645972851916,
        -0.005813427614166964,
        -0.00042592450085566635,
        -0.001287370351055694,
        -0.0007530085313211973,
        4.886880763615741,
        0.0001293443441532959,
        4.290837811035549e-05,
        1.551255653315187e-05,
        6.192132342139804e-05,
        -1.736909254437573e-05,
        1.2387883133233675e-05,
        4.5699365508236014e-05,
        -2.555831638233539e-05,
        -0.000752597670184562,
        -7.96359235105779e-05,
        -0.0010552336132922226,
        -1.2109892211037568e-06,
        9.313621139276568e-05,
        0.0015158888326699438,
        -0.0015065752115450363,
        -0.0002767442971943543,
        0.0
      ],
      [
        0.0005096129636083082,
        0.0016429732190773008,
        -0.1684507502143754,
        -0.3051546861780225,
        0.15257734308898208,
        0.003792685755584064,
        -0.364911458113845,
        0.00680190828585387,
        0.00024041960473231462,
        0.05227772608619931,
        0.006348573590611356,
        0.04881179778926772,
        0.003429557812108173,
        7.444214070806778e-07,
        -0.0003669067045141569,
        -1.986918302814781e-15,
        0.006148502706556149,
        -0.00022369187332526414,
        0.03617479331729303,
        -0.008431305962202193,
        -0.027463016880873728,
        -0.00013784017873022612,
        0.0001293443441532959,
        0.34243457976401953,
        -0.0011643731751107673,
        -0.000616336869565954,
        -0.002197190184238553,
        -0.002811183257661877,
        0.0019183787505326166,
        -0.0017445929833130448,
        0.0006596169737765254,
        -0.012725095360095275,
        0.022097597128525402,
        -0.001978176240000179,
        0.010728581282033101,
        0.0050496434094265946,
        0.013416570438831255,
        -0.012911606097889137,
        0.003072522909262252,
        0.0
      ],
      [
        -8.897236810617774e-05,
        -2.3093741647782755e-05,
        -0.0008490646686043386,
        0.00048695504394772747,
        -0.00024347752201569494,
        -5.0178080267094234e-05,
        0.0012795295217285269,
        -5.0357153377740744e-05,
        2.798821481707162e-06,
        0.0002452638406082149,
        -5.158442526355923e-05,
        -0.00014402661142172023,
        0.0003961994245396722,
        -5.125312512137231e-07,
        2.7228314127365305e-05,
        7.147069132078015e-15,
        0.0007585702955803498,
        0.001096096499039374,
        0.0007810532496058064,
        -0.0012540828106876903,
        -0.0018403948536858743,
        4.0646048228345224e-05,
        4.290837811035549e-05,
        -0.0011643731751107673,
        4.886881400311158,
        -9.63466992273543e-05,
        -4.46890778385878e-05,
        -1.557341160420972e-05,
        -0.00032524178092722044,
        -3.734316283308698e-05,
        0.00019970739315840408,
        -0.0005506312698583609,
        -0.000776787965114995,
        0.0004677213957212884,
        0.00010987884448250364,
        7.714517536127136e-05,
        -0.0009626010072749181,
        0.0009703155247972109,
        -3.631889204762038e-05,
        0.0
      ],
      [
        -0.00010941387631154551,
        -4.9051400160566956e-05,
        -7.587382243450958e-05,
        0.0009254719065798274,
        -0.00046273595323226665,
        -0.00010961862123485365,
        -3.4432775567018944e-05,
        -0.00022703475881288154,
        5.427400130065326e-05,
        0.0005672142331716693,
        4.744206557098626e-05,
        0.0011658593540914896,
        -0.00010101152709808561,
        -3.095696546982662e-07,
        1.1317760074666953e-05,
        -6.302422201067706e-14,
        0.0002859269078141438,
        0.0005089701996424407,
        0.0010723979433512974,
        -0.0013658743041955815,
        0.0003339305420600456,
        6.05267939323092e-05,
        1.551255653315187e-05,
        -0.000616336869565954,
        -9.63466992273543e-05,
        4.886880148230371,
        0.00018582969647596852,
        5.4111068582358885e-05,
        -2.0250111991769446e-05,
        -0.0005644227278773293,
        -5.5319290695056185e-05,
        -0.0007392943720579397,
        -0.0006242234105092903,
        -0.00037842846770352347,
        -0.00021302391203768288,
        -7.956749767181057e-05,
        -0.0008625976918778151,
        0.0008546409421179334,
        0.0001509785575761791,
        0.0
      ],
      [
        -7.696404618193293e-05,
        7.13010707550119e-05,
        0.014125864440438255,
        -0.0004136417174190217,
        0.0002068208585596553,
        0.00013652713381805167,
        -0.0056550703288598,
        7.757074822722656e-05,
        5.075208092607749e-05,
        -0.0041835559326176604,
        3.4115451289409374e-05,
        -0.002242979244174658,
        -0.0036620948956795664,
        5.260379107986344e-06,
        -1.364815848625037e-05,
        -8.139996377849265e-15,
        -0.0039024454098565654,
        -0.0012080100676323102,
        -0.005878384070547439,
        0.0011765523053665415,
        0.010325583087851998,
        2.4389479079018642e-06,
        6.192132342139804e-05,
        -0.002197190184238553,
        -4.46890778385878e-05,
        0.00018582969647596852,
        0.02038270054534421,
        -0.0007078265269741541,
        -0.001896652476838981,
        -0.0003225585903486437,
        -0.0006974597650968352,
        -0.0012931434078139786,
        -0.0038407270456083044,
        0.0011829354382831474,
        -0.0015642415153776072,
        -0.019549676107387285,
        -0.0086939881441939,
        0.00673902053345838,
        -6.46211306476876e-05,
        0.0
      ],
      [
        -3.487290547173062e-05,
        2.057025112995606e-05,
        0.001976737950214814,
        0.0015083153350944423,
        -0.0007541576675178985,
        -5.915031073365949e-06,
        0.0031476159935122923,
        3.503167620500857e-05,
        2.2268090773034174e-05,
        -0.00032782743677971596,
        -0.00017620538310587344,
        0.0019221971650142545,
        -0.0004295395052549847,
        5.320076569416642e-07,
        6.675163495992087e-06,
        2.3074206676945057e-15,
        -0.00019485137239438712,
        -0.0005201073736847393,
        0.0005979816040778164,
        -0.0021237782403666985,
        0.002576117423341051,
        3.498355021275975e-05,
        -1.736909254437573e-05,
        -0.002811183257661877,
        -1.557341160420972e-05,
        5.4111068582358885e-05,
        -0.0007078265269741541,
        0.0025645143564825977,
        -0.0003031601363250175,
        -0.0006449453413100414,
        -0.00026104803923057744,
        -0.0002515508764598392,
        -0.002823770623105966,
        -0.00019279741246301646,
        -0.001829370776697061,
        -0.0010636797883198305,
        -0.012382534851860057,
        0.012276166873027365,
        -0.00032438525557213567,
        0.0
      ],
      [
        -0.00022946651437215544,
        -5.369091374087445e-05,
        -0.006875118644118141,
        -0.0018544970203354769,
        0.0009272485101916371,
        -3.7899725258952244e-05,
        -0.0016437730591883997,
        -9.156032131212184e-05,
        5.51817740428162e-05,
        -0.00014623410308207225,
        -0.00022090140869010283,
        -0.0014390309066206312,
        -0.001861424220890647,
        -1.3080431995318876e-07,
        -1.1048679265303483e-05,
        -4.865922733142261e-15,
        -0.002331381995594653,
        -0.0015219600820388934,
        -0.002049726541270499,
        0.00036570417212727295,
        -0.0029939629370449973,
        -0.00011446763234876942,
        1.2387883133233675e-05,
        0.0019183787505326166,
        -0.00032524178092722044,
        -2.0250111991769446e-05,
        -0.001896652476838981,
        -0.0003031601363250175,
        4.886257026019695,
        -0.00011914983629653951,
        -0.0004169068749771686,
        -0.0010067281665769832,
        -0.0007331478366108963,
        -4.2791503546321757e-05,
        -0.0003190091306863558,
        0.0017095992259405686,
        -0.005026531087300901,
        0.005197491009886694,
        -0.0011319525709855651,
        0.0
      ],
      [
        -9.358764710420588e-05,
        6.490747698460235e-05,
        -0.000734024167431992,
        0.0020513204380717565,
        -0.0010256602190742616,
        5.001355037508638e-05,
        0.0017348199969107292,
        4.330023202481345e-05,
        -2.8367942240454444e-05,
        0.0007930179286883252,
        -0.00011697820185494891,
        0.002497723048152012,
        -0.00041922895838339056,
        1.882226082985927e-07,
        -1.1121998364578726e-05,
        4.626003318664553e-14,
        0.00021405827205703512,
        0.0006855108216984326,
        0.0008700384369742767,
        0.00025593884177756864,
        -0.00236056500108768,
        7.632065847068703e-05,
        4.5699365508236014e-05,
        -0.0017445929833130448,
        -3.734316283308698e-05,
        -0.0005644227278773293,
        -0.0003225585903486437,
        -0.0006449453413100414,
