{
  "q_values": [
    -24.358740554141548,
    2.5078601969248133,
    1.0274360473932802
  ],
  "weights": [
    [
      10.0,
      10.0,
      -10.0,
      -10.0,
      10.0,
      10.0,
      2.0229009916230325,
      1.680734990183737,
      -10.0,
      -1.9249411258576856,
      1.0371908426626533,
      -10.0,
      10.0,
      1.2937538981905163,
      -10.0,
      10.0
    ],
    [
      -10.0,
      -10.0,
      10.0,
      -10.0,
      10.0,
      10.0,
      3.728027655681217,
      -10.0,
      -10.0,
      -3.019296334063256,
      -0.24192823587736711,
      0.45060963778905716,
      -10.0,
      10.0,
      10.0,
      -10.0
    ],
    [
      -10.0,
      -10.0,
      10.0,
      -10.0,
      10.0,
      10.0,
      2.5057270324698493,
      -10.0,
      -10.0,
      -2.7309666849487257,
      -1.1891862445008883,
      0.44723893469131326,
      10.0,
      10.0,
      -10.0,
      10.0
    ]
  ],
  "cov_inv_matrices": [
    [
      [
        26.178802582787657,
        27.332490756653684,
        -34.87850130083802,
        36.83113687676858,
        -27.97411448115963,
        -28.542474686840663,
        -0.01429055739049434,
        -1.821812580595354,
        6.1856356048402645,
        -0.06493115476549718,
        0.008954720796340323,
        0.3491993214053051,
        -30.03897303237244,
        4.623841383539347,
        29.732455894914246,
        -30.08324201404536
      ],
      [
        27.332490756653684,
        77.84999788316983,
        -67.01545467239126,
        -6.811541050132213,
        -13.989798976137248,
        -16.120700497244144,
        -0.21222125983639334,
        -5.747080726477613,
        -5.367155486663181,
        0.8894400728645397,
        -0.3464293948569885,
        0.1695896085858383,
        12.712721146875449,
        6.381233067786734,
        -12.820181565150937,
        12.65107816539244
      ],
      [
        -34.87850130083802,
        -67.01545467239126,
        67.42131314059002,
        -22.1995522237183,
        28.10800529992418,
        29.66506714699357,
        0.13441102094882967,
        4.44483131182776,
        -1.2552662170404565,
        -0.7302704513765044,
        0.17754277914630934,
        -0.3629260715674917,
        13.914252000091103,
        -7.704241496496328,
        -13.633324600309614,
        14.002163132397184
      ],
      [
        36.83113687676858,
        -6.811541050132213,
        -22.1995522237183,
        46402.49638752117,
        -23225.354354701623,
        -23239.628820540114,
        -2.4406794290426674,
        -15.465529798391517,
        10383.077356557125,
        -6.272053132702294,
        2.0934157478644906,
        322.2590598661221,
        -42221.60042328873,
        -8.530083608206425,
        41898.10127324178,
        -42219.52269740327
      ],
      [
        -27.97411448115963,
        -13.989798976137248,
        28.10800529992418,
        -23225.354354701623,
        11629.618197023594,
        11636.904779600907,
        1.2638419455818006,
        8.153559862237294,
        -5195.890122226601,
        2.9858526063070356,
        -1.0008706554523792,
        -161.3495351188564,
        21130.98748372779,
        3.013616622073468,
        -20969.038991108617,
        21129.965663761308
      ],
      [
        -28.542474686840663,
        -16.120700497244144,
        29.66506714699357,
        -23239.628820540114,
        11636.904779600907,
        11645.076064268376,
        1.2389088082429915,
        10.355677414297347,
        -5198.978585850431,
        2.9776791218581025,
        -1.0046666927115808,
        -161.43851501894736,
        21143.7743837244,
        2.7348171508964736,
        -20981.713803215924,
        21142.747186082757
      ],
      [
        -0.01429055739049434,
        -0.21222125983639334,
        0.13441102094882967,
        -2.4406794290426674,
        1.2638419455818006,
        1.2389088082429915,
        0.029601085421895122,
        -0.1887169370365604,
        -0.5375071760007983,
        -0.003693953883156613,
        0.004470672866183867,
        -0.02085163341037449,
        2.209627691041109,
        0.21852322796392049,
        -2.1935787676455383,
        2.2111445087601465
      ],
      [
        -1.821812580595354,
        -5.747080726477613,
        4.44483131182776,
        -15.465529798391517,
        8.153559862237294,
        10.355677414297347,
        -0.1887169370365604,
        8.184295055780368,
        -3.137505306498367,
        0.12578312447794723,
        -0.07065184119884586,
        -0.1373809692674879,
        13.560152105771152,
        2.739210699386009,
        -13.422524931898614,
        13.52198941727321
      ],
      [
        6.1856356048402645,
        -5.367155486663181,
        -1.2552662170404565,
        10383.077356557125,
        -5195.890122226601,
        -5198.978585850431,
        -0.5375071760007983,
        -3.137505306498367,
        2323.664957036142,
        -1.433702960425864,
        0.47339380287666144,
        72.11386728650936,
        -9447.920450640671,
        -0.7990004619866474,
        9375.545373822333,
        -9447.485716293377
      ],
      [
        -0.06493115476549718,
        0.8894400728645397,
        -0.7302704513765044,
        -6.272053132702294,
        2.9858526063070356,
        2.9776791218581025,
        -0.003693953883156613,
        0.12578312447794723,
        -1.433702960425864,
        0.15386112472089872,
        0.013277613421892187,
        -0.04406839746879076,
        5.763840448169579,
        0.12865789530383342,
        -5.721929453128453,
        5.760574002746617
      ],
      [
        0.008954720796340323,
        -0.3464293948569885,
        0.17754277914630934,
        2.0934157478644906,
        -1.0008706554523792,
        -1.0046666927115808,
        0.004470672866183867,
        -0.07065184119884586,
        0.47339380287666144,
        0.013277613421892187,
        0.05411585808109064,
        0.013779135553794961,
        -1.9224362679675835,
        -0.10446769022889718,
        1.9082007415102507,
        -1.9185673111756905
      ],
      [
        0.3491993214053051,
        0.1695896085858383,
        -0.3629260715674917,
        322.2590598661221,
        -161.3495351188564,
        -161.43851501894736,
        -0.02085163341037449,
        -0.1373809692674879,
        72.11386728650936,
        -0.04406839746879076,
        0.013779135553794961,
        2.2545975705932033,
        -293.20039130453614,
        0.38905031508443566,
        290.952276132048,
        -293.201853403888
      ],
      [
        -30.03897303237244,
        12.712721146875449,
        13.914252000091103,
        -42221.60042328873,
        21130.98748372779,
        21143.7743837244,
        2.209627691041109,
        13.560152105771152,
        -9447.920450640671,
        5.763840448169579,
        -1.9224362679675835,
        -293.20039130453614,
        38418.064253850265,
        8.357900223165181,
        -38123.72451702662,
        38416.155189514815
      ],
      [
        4.623841383539347,
        6.381233067786734,
        -7.704241496496328,
        -8.530083608206425,
        3.013616622073468,
        2.7348171508964736,
        0.21852322796392049,
        2.739210699386009,
        -0.7990004619866474,
        0.12865789530383342,
        -0.10446769022889718,
        0.38905031508443566,
        8.357900223165181,
        114.29993048955725,
        -8.610104820157938,
        8.078831187987815
      ],
      [
        29.732455894914246,
        -12.820181565150937,
        -13.633324600309614,
        41898.10127324178,
        -20969.038991108617,
        -20981.713803215924,
        -2.1935787676455383,
        -13.422524931898614,
        9375.545373822333,
        -5.721929453128453,
        1.9082007415102507,
        290.952276132048,
        -38123.72451702662,
        -8.610104820157938,
        37831.64202956113,
        -38121.830759931014
      ],
      [
        -30.08324201404536,
        12.65107816539244,
        14.002163132397184,
        -42219.52269740327,
        21129.965663761308,
        21142.747186082757,
        2.2111445087601465,
        13.52198941727321,
        -9447.485716293377,
        5.760574002746617,
        -1.9185673111756905,
        -293.201853403888,
        38416.155189514815,
        8.078831187987815,
        -38121.830759931014,
        38414.27584830907
      ]
    ],
    [
      [
        33.085640206310785,
        49.349320642666825,
        -53.09779285922148,
        687.3060531205632,
        -357.6720247585441,
        -358.84355225372354,
        -0.2536956424195726,
        -0.274947502611395,
        671.4536887803224,
        -0.4980470717856541,
        0.03550933483745539,
        0.03575473185918736,
        670.4309796917465,
        17.362045962724217,
        -670.3713985431615,
        670.0363067194269
      ],
      [
        49.349320642666825,
        222.62653514421766,
        -179.7691278847222,
        1690.830572873058,
        -886.5635085892147,
        -892.4617587624705,
        -0.059914830044739784,
        -15.978585199902987,
        1654.6207212575114,
        2.6127498644057097,
        0.12153631023501921,
        0.09095419566399293,
        1644.950976364795,
        33.810919070039674,
        -1645.4068466885415,
        1644.8049499485187
      ],
      [
        -53.09779285922148,
        -179.7691278847222,
        156.53670161909872,
        -1512.8228074969657,
        791.7068902118149,
        796.470696036128,
        0.10469129275085842,
        12.308569132854206,
        -1480.5264691589118,
        -2.0257325672322124,
        -0.10958439239018936,
        -0.08365822214860302,
        -1472.4492178816,
        -31.570028190648426,
        1472.76134609566,
        -1472.1904398545262
      ],
      [
        687.3060531205632,
        1690.830572873058,
        -1512.8228074969657,
        457612.45074729045,
        -229302.6035787057,
        -229254.0048544472,
        -45.8868668860508,
        421.03799948702397,
        447004.58614246256,
        -39.12717435787614,
        4.2944741388651515,
        9.37120464815881,
        449528.810089255,
        -574.8347490117853,
        -449515.4266900481,
        449505.573786295
      ],
      [
        -357.6720247585441,
        -886.5635085892147,
        791.7068902118149,
        -229302.6035787057,
        114908.96953208593,
        114885.094494396,
        23.009173601595172,
        -209.8110207447986,
        -223986.837900427,
        19.246600983713577,
        -2.190884137322106,
        -4.687479368021954,
        -225248.9222980429,
        280.57273626586095,
        225242.24669796502,
        -225237.21545053588
      ],
      [
        -358.84355225372354,
        -892.4617587624705,
        796.470696036128,
        -229254.0048544472,
        114885.094494396,
        114862.51729658141,
        23.03398238978101,
        -207.55726298317097,
        -223940.23175334156,
        19.16128487577967,
        -2.1785158650853567,
        -4.76399831996042,
        -225200.5239189217,
        275.83197701146,
        225193.9144809554,
        -225188.69869006381
      ],
      [
        -0.2536956424195726,
        -0.059914830044739784,
        0.10469129275085842,
        -45.8868668860508,
        23.009173601595172,
        23.03398238978101,
        0.073317899333688,
        -0.41685263887923885,
        -44.857256829403134,
        0.006913137188068113,
        0.0008813433848773685,
        -0.02050728257584215,
        -45.0719132582969,
        -0.901427299870021,
        45.06739530491867,
        -45.02316476947345
      ],
      [
        -0.274947502611395,
        -15.978585199902987,
        12.308569132854206,
        421.03799948702397,
        -209.8110207447986,
        -207.55726298317097,
        -0.41685263887923885,
        10.484922293284493,
        411.1484544889924,
        -0.15629554667060197,
        0.015436693868923556,
        0.11768377563637569,
        414.6135810644811,
        9.29531754456022,
        -414.51804866847567,
        414.21081676962416
      ],
      [
        671.4536887803224,
        1654.6207212575114,
        -1480.5264691589118,
        447004.58614246256,
        -223986.837900427,
        -223940.23175334156,
        -44.857256829403134,
        411.1484544889924,
        436810.55474402005,
        -37.66382123556929,
        4.1847721821435755,
        9.272880868793523,
        439052.9351120992,
        -549.95289557425,
        -439039.9324144017,
        439029.96692323976
      ],
      [
        -0.4980470717856541,
        2.6127498644057097,
        -2.0257325672322124,
        -39.12717435787614,
        19.246600983713577,
        19.16128487577967,
        0.006913137188068113,
        -0.15629554667060197,
        -37.66382123556929,
        0.5170609647823172,
        0.008187978289373374,
        0.041022116559383044,
        -38.758415046286075,
        1.4853313305409261,
        38.72501397021453,
        -38.79518233070188
      ],
      [
        0.03550933483745539,
        0.12153631023501921,
        -0.10958439239018936,
        4.2944741388651515,
        -2.190884137322106,
        -2.1785158650853567,
        0.0008813433848773685,
        0.015436693868923556,
        4.1847721821435755,
        0.008187978289373374,
        0.0700037164008344,
        0.0006350784084678446,
        4.21130598287316,
        0.21089049704543636,
        -4.210792242462651,
        4.209516054729165
      ],
      [
        0.03575473185918736,
        0.09095419566399293,
        -0.08365822214860302,
        9.37120464815881,
        -4.687479368021954,
        -4.76399831996042,
        -0.02050728257584215,
        0.11768377563637569,
        9.272880868793523,
        0.041022116559383044,
        0.0006350784084678446,
        0.045700453805961494,
        9.175987349703266,
        1.8206991661407799,
        -9.188022692948671,
        9.107775289099061
      ],
      [
        670.4309796917465,
        1644.950976364795,
        -1472.4492178816,
        449528.810089255,
        -225248.9222980429,
        -225200.5239189217,
        -45.0719132582969,
        414.6135810644811,
        439052.9351120992,
        -38.758415046286075,
        4.21130598287316,
        9.175987349703266,
        441607.4333662073,
        -570.7338080796543,
        -441594.2396572537,
        441584.6957559857
      ],
      [
        17.362045962724217,
        33.810919070039674,
        -31.570028190648426,
        -574.8347490117853,
        280.57273626586095,
        275.83197701146,
        -0.901427299870021,
        9.29531754456022,
        -549.95289557425,
        1.4853313305409261,
        0.21089049704543636,
        1.8206991661407799,
        -570.7338080796543,
        155.99540455074052,
        570.2512632087881,
        -574.3349523823437
      ],
      [
        -670.3713985431615,
        -1645.4068466885415,
        1472.76134609566,
        -449515.4266900481,
        225242.24669796502,
        225193.9144809554,
        45.06739530491867,
        -414.51804866847567,
        -439039.9324144017,
        38.72501397021453,
        -4.210792242462651,
        -9.188022692948671,
        -441594.2396572537,
        570.2512632087881,
        441581.05919189146,
        -441571.49408685585
      ],
      [
        670.0363067194269,
        1644.8049499485187,
        -1472.1904398545262,
        449505.573786295,
        -225237.21545053588,
        -225188.69869006381,
        -45.02316476947345,
        414.21081676962416,
        439029.96692323976,
        -38.79518233070188,
        4.209516054729165,
        9.107775289099061,
        441584.6957559857,
        -574.3349523823437,
        -441571.49408685585,
        441562.0894704587
      ]
    ],
    [
      [
        25.227563142715706,
        32.82896518855003,
        -37.22879342123959,
        2041.9656401330542,
        -1030.7915080760445,
        -1031.609047158239,
        0.01609619074378381,
        -2.278271150129213,
        2048.166128448595,
        -0.5170800593602207,
        -0.058574965959123315,
        0.072832480214458,
        -2039.0621323609766,
        2.225045411480509,
        2039.067940989934,
        -2039.1755704716911
      ],
      [
        32.82896518855003,
        120.00109494544306,
        -97.73306445085106,
        5080.418883740918,
        -2564.887162907406,
        -2567.4428184891567,
        -0.06516523690714764,
        -6.478213734618081,
        5059.035978722295,
        0.6103768143598847,
        -0.11597620946114964,
        0.01803422926654842,
        -5072.685211936429,
        3.1543760606744624,
        5072.616754748174,
        -5072.626370354493
      ],
      [
        -37.22879342123959,
        -97.73306445085106,
        87.95499893418175,
        -4496.667508162738,
        2270.0206627747057,
        2272.209349448824,
        -0.003929805847308165,
        5.943825182720199,
        -4487.8869611309165,
        -0.18983360966231258,
        0.08095324303396512,
        -0.064655219318656,
        4489.887510604287,
        -3.5566314736808993,
        -4489.843048693475,
        4489.925955182324
      ],
      [
        2041.9656401330542,
        5080.418883740918,
        -4496.667508162738,
        248952.88836343784,
        -125665.36843183512,
        -125798.32250352259,
        2.0284343645210052,
        -311.346543622485,
        249219.81318946305,
        4.518570968554185,
        -5.706416290840481,
        4.531461306085645,
        -248607.11300581868,
        194.52228472070829,
        248600.9382628897,
        -248608.09215729136
      ],
      [
        -1030.7915080760445,
        -2564.887162907406,
        2270.0206627747057,
        -125665.36843183512,
        63433.18145850151,
        63499.81583402766,
        -0.9943167848170029,
        155.97530014369678,
        -125793.56052602391,
        -2.3221110810274923,
        2.8893689274745173,
        -2.275474635420261,
        125490.7105110212,
        -98.00744412212006,
        -125487.62074366046,
        125491.20768559643
      ],
      [
        -1031.609047158239,
        -2567.4428184891567,
        2272.209349448824,
        -125798.32250352259,
        63499.81583402766,
        63567.29830612897,
        -1.0190553265826354,
        158.03068462179783,
        -125931.6541435692,
        -2.2977799831640517,
        2.8769424991073302,
        -2.284750062069712,
        125623.56859933327,
        -98.21359390969504,
        -125620.45854274547,
        125624.07308089286
      ],
      [
        0.01609619074378381,
        -0.06516523690714764,
        -0.003929805847308165,
        2.0284343645210052,
        -0.9943167848170029,
        -1.0190553265826354,
        0.029813721185071657,
        -0.21814012378812495,
        3.102408050159834,
        -0.005653343243160824,
        0.0016437351143783168,
        -0.0006424433857832477,
        -2.048688160215163,
        0.25192769514762153,
        2.0453452301462907,
        -2.046549821559169
      ],
      [
        -2.278271150129213,
        -6.478213734618081,
        5.943825182720199,
        -311.346543622485,
        155.97530014369678,
        158.03068462179783,
        -0.21814012378812495,
        7.857795294592684,
        -323.4932213452564,
        0.2264395325466197,
        -0.09083173775844472,
        -0.04251187336819709,
        311.02054109785416,
        1.176256592745952,
        -311.0410480505252,
        311.07111794143054
      ],
      [
        2048.166128448595,
        5059.035978722295,
        -4487.8869611309165,
        249219.81318946305,
        -125793.56052602391,
        -125931.6541435692,
        3.102408050159834,
        -323.4932213452564,
        249721.76956276476,
        3.395783602397919,
        -5.618000058898352,
        5.009734428926864,
        -248878.4952999791,
        205.17949225355892,
        248871.20230970677,
        -248879.10603886907
      ],
      [
        -0.5170800593602207,
        0.6103768143598847,
        -0.18983360966231258,
        4.518570968554185,
        -2.3221110810274923,
        -2.2977799831640517,
        -0.005653343243160824,
        0.2264395325466197,
        3.395783602397919,
        0.16897238671100356,
        0.012478531570975225,
        -0.002693657642192513,
        -4.519681199264678,
        -0.006033932350625004,
        4.514939335555893,
        -4.513957498289766
      ],
      [
        -0.058574965959123315,
        -0.11597620946114964,
        0.08095324303396512,
        -5.706416290840481,
        2.8893689274745173,
        2.8769424991073302,
        0.0016437351143783168,
        -0.09083173775844472,
        -5.618000058898352,
        0.012478531570975225,
        0.04895212776902606,
        0.0014802546525264169,
        5.696174035498025,
        -0.03673882248699781,
        -5.695135665537391,
        5.694995658322661
      ],
      [
        0.072832480214458,
        0.01803422926654842,
        -0.064655219318656,
        4.531461306085645,
        -2.275474635420261,
        -2.284750062069712,
        -0.0006424433857832477,
        -0.04251187336819709,
        5.009734428926864,
        -0.002693657642192513,
        0.0014802546525264169,
        0.005562937069423749,
        -4.533248713638452,
        -0.052493993135849515,
        4.53177262511513,
        -4.5342527936124855
      ],
      [
        -2039.0621323609766,
        -5072.685211936429,
        4489.887510604287,
        -248607.11300581868,
        125490.7105110212,
        125623.56859933327,
        -2.048688160215163,
        311.02054109785416,
        -248878.4952999791,
        -4.519681199264678,
        5.696174035498025,
        -4.533248713638452,
        248261.93852911884,
        -194.57815139043646,
        -248255.74595677527,
        248262.9059661692
      ],
      [
        2.225045411480509,
        3.1543760606744624,
        -3.5566314736808993,
        194.52228472070829,
        -98.00744412212006,
        -98.21359390969504,
        0.25192769514762153,
        1.176256592745952,
        205.17949225355892,
        -0.006033932350625004,
        -0.03673882248699781,
        -0.052493993135849515,
        -194.57815139043646,
        58.770229363028825,
        194.42972784824062,
        -194.46093094908815
      ],
      [
        2039.067940989934,
        5072.616754748174,
        -4489.843048693475,
        248600.9382628897,
        -125487.62074366046,
        -125620.45854274547,
        2.0453452301462907,
        -311.0410480505252,
        248871.20230970677,
        4.514939335555893,
        -5.695135665537391,
        4.53177262511513,
        -248255.74595677527,
        194.42972784824062,
        248249.56137149688,
        -248256.71726225625
      ],
      [
        -2039.1755704716911,
        -5072.626370354493,
        4489.925955182324,
        -248608.09215729136,
        125491.20768559643,
        125624.07308089286,
        -2.046549821559169,
        311.07111794143054,
        -248879.10603886907,
        -4.513957498289766,
        5.694995658322661,
        -4.5342527936124855,
        248262.9059661692,
        -194.46093094908815,
        -248256.71726225625,
        248263.87686908312
      ]
    ]
  ],
  "bias_vectors": [
    [
      35.00296003765794,
      32.45153857747529,
      22.935119407293428,
      49.64258764623398,
      189.25074254907247,
      -89.96556725660453,
      444.65182474726845,
      51.0009963763647,
      -0.02737098743218049,
      2.646397687967599,
      56.45315648922581,
      844.4809204867834,
      422.7222698828031,
      -2.80813610412506,
      844.4809204867834,
      421.75865060397865
    ],
    [
      26.11186010614093,
      23.00085233814552,
      17.444735852571636,
      34.711066581032995,
      121.79249172637914,
      -52.37035856431324,
      209.4159908336049,
      29.701814282984472,
      -0.016533769429230124,
      36.7129571047673,
      3.166891672803462,
      856.8848636714147,
      414.93351630010693,
      2.2147729855744847,
      960.0833713834451,
      545.1498550833375
    ],
    [
      46.70231032604304,
      43.20536362584166,
      33.1837379272807,
      64.51610068974009,
      304.51018140032556,
      -175.47798002084554,
      740.1273684828595,
      85.89154722992727,
      -0.03316276339790932,
      35.93469595915669,
      7.616293451394954,
      997.2049734931119,
      1155.4921144333543,
      -0.18474893534150627,
      1732.5273378935826,
      577.0352234602302
    ]
  ],
  "total_reward": -12276.351344448414,
  "trades": 56207,
  "steps_seen": 238213,
  "last_epsilon": 0.1935980898388136,
  "version": 4,
  "run_id": "BTC_USDT_1m_20251214_222514",
  "symbol": "BTC/USDT",
  "timeframe": "1m",
  "saved_at_utc": "2025-12-14T23:18:24.092237",
  "feature_clip": 10.0,
  "weight_clip": 10.0,
  "ridge_factor": 1.0,
  "forgetting_factor": 0.99,
  "posterior_scale": 0.65,
  "indicator_columns": [
    "ma",
    "ema",
    "wma",
    "boll_mid",
    "boll_upper",
    "boll_lower",
    "vwap",
    "atr",
    "trix",
    "sar",
    "supertrend",
    "pos_flag",
    "cash_frac",
    "unrealized_ret",
    "bias",
    "pos_frac"
  ]
}