{
  "q_values": [
    86.85035767953372,
    17.18400568774345,
    36.90569599708074
  ],
  "weights": [
    [
      10.0,
      -10.0,
      -1.9568496075687543,
      -10.0,
      -10.0,
      -10.0,
      2.325322590161812,
      10.0,
      0.42996393695740864,
      -1.6514159874163619,
      10.0,
      0.8155406732627344,
      -10.0,
      10.0,
      2.737274655954789,
      0.3551181704133928,
      4.487454520961151,
      -8.427598764389678,
      10.0,
      -7.822607751954251,
      -10.0,
      0.0
    ],
    [
      10.0,
      -10.0,
      -1.2789766785975871,
      10.0,
      10.0,
      10.0,
      0.6929948556441445,
      -10.0,
      0.8122726980991573,
      -0.27144702686331357,
      -10.0,
      -1.4748373569574937,
      10.0,
      -9.899130556965247,
      1.7747499546272252,
      0.8704710006444207,
      10.0,
      -6.65304189637132,
      -10.0,
      7.736011343476662,
      -10.0,
      0.0
    ],
    [
      10.0,
      10.0,
      -0.41024357940716527,
      10.0,
      10.0,
      -10.0,
      0.1344132056515548,
      10.0,
      0.829278173048813,
      0.24676411675147847,
      -10.0,
      0.62385639843734,
      10.0,
      -10.0,
      0.21351135318252545,
      0.07294096683540374,
      10.0,
      -7.857824431385069,
      -10.0,
      4.234725534174061,
      0.0,
      0.0
    ]
  ],
  "cov_inv_matrices": [
    [
      [
        100523.20866834861,
        34399.82715163869,
        -19.043823835811448,
        6781.555934999453,
        13585.916722891476,
        -16863.117026697633,
        -9.977702413524941,
        -15236.247869497609,
        0.8520613556432528,
        18.871888410281876,
        -51373.498366345026,
        -0.3960231522866491,
        10098.465360620481,
        -16032.073049286524,
        -1.730198340937605,
        22.772357032134767,
        4.37474596104766,
        4.423443679214553,
        462.4047809388411,
        -59.68352392243757,
        -275.5133460996839,
        0.0
      ],
      [
        34399.82715163869,
        220529.3995471519,
        -13.778784206147265,
        6739.72685217429,
        13473.740158935192,
        -70250.35359717955,
        8.222425595059574,
        -27580.359709893048,
        1.1554060308730092,
        11.895490675793486,
        -23301.03892234859,
        -23.137699274768288,
        -5407.206528331656,
        2805.7569953454367,
        -50.63398249566702,
        87.29264188846341,
        25.099723421838558,
        15.021813114963741,
        1026.6842509297107,
        -182.4638875642355,
        -3779.0646782224044,
        0.0
      ],
      [
        -19.043823835811448,
        -13.778784206147265,
        0.18153852543865104,
        -45.783134785005146,
        -91.47714567440036,
        108.72110759062814,
        -0.07395171862633543,
        -62.1842361401785,
        -0.00029978622723235106,
        -0.022346787211092366,
        -24.93710918053166,
        -0.01013998175272603,
        0.3441936198437319,
        -2.6422161163131945,
        -0.00129274011685819,
        -0.0019491970007249567,
        -0.0019984153714355957,
        -0.008260159254519601,
        -0.7329743833930581,
        0.06651362241892117,
        -0.21040917356286196,
        0.0
      ],
      [
        6781.555934999453,
        6739.72685217429,
        -45.783134785005146,
        113069.46375942825,
        225925.14821718604,
        -13218.839437749208,
        -2.1605269497964503,
        5658.039189965168,
        3.046985125909208,
        27.147436075660448,
        686.0858138448355,
        -5.820426319597261,
        -14320.129190515716,
        21254.221300895,
        -20.93859696489332,
        3.9840164798422535,
        44.24346161370851,
        -4.239345600710105,
        3580.5467658176585,
        -376.1442568740353,
        538.3303652455766,
        0.0
      ],
      [
        13585.916722891476,
        13473.740158935192,
        -91.47714567440036,
        225925.14821718604,
        451423.1757459813,
        -26400.695029621973,
        -4.320710752711774,
        11289.981445234494,
        6.089107950679599,
        54.24614743356797,
        1349.5102866469988,
        -11.620150774726184,
        -28632.545708301437,
        42495.39756660133,
        -41.837937345620865,
        7.965908348864696,
        88.41553481659602,
        -8.468937633456516,
        7164.192488374324,
        -752.6421099247616,
        1075.7166853176398,
        0.0
      ],
      [
        -16863.117026697633,
        -70250.35359717955,
        108.72110759062814,
        -13218.839437749208,
        -26400.695029621973,
        474328.24499259103,
        -58.19711233728576,
        -262039.22943147135,
        0.37501529915060017,
        -16.758737672200926,
        -31113.59448665812,
        -26.00018012579585,
        6824.2715488281165,
        -8117.266587111288,
        14.778425977962673,
        -22.374483037481713,
        20.50685340759977,
        -2.747127518769258,
        513.4286172103638,
        -61.390936581036954,
        414.2330331941914,
        0.0
      ],
      [
        -9.977702413524941,
        8.222425595059574,
        -0.07395171862633543,
        -2.1605269497964503,
        -4.320710752711774,
        -58.19711233728576,
        0.05881977931136799,
        29.69703905412534,
        -0.0006180612278575036,
        -0.008831759700199667,
        7.706875225361026,
        0.01555990764467036,
        -3.3378234438322223,
        4.085016815967585,
        0.002667520718753154,
        -0.0008714670021255015,
        -0.010250650741637762,
        0.0015060420430293322,
        0.8285118899383473,
        -0.08337624714492203,
        0.03730388884063404,
        0.0
      ],
      [
        -15236.247869497609,
        -27580.359709893048,
        -62.1842361401785,
        5658.039189965168,
        11289.981445234494,
        -262039.22943147135,
        29.69703905412534,
        197797.71648487565,
        -1.0862084652144497,
        -0.1486443066764337,
        58373.51485864506,
        12.40256290416155,
        -9055.753513975433,
        8028.171133653701,
        -0.5600800725416364,
        -49.72000850349518,
        -9.909524574183529,
        -2.005038980489198,
        -46.092528260743705,
        18.598642812581037,
        1237.970641115945,
        0.0
      ],
      [
        0.8520613556432528,
        1.1554060308730092,
        -0.00029978622723235106,
        3.046985125909208,
        6.089107950679599,
        0.37501529915060017,
        -0.0006180612278575036,
        -1.0862084652144497,
        0.0016248368115773762,
        0.00021522203874122198,
        0.07644764310865242,
        -9.556441488103015e-05,
        -0.5361616581567041,
        0.22004592850653737,
        -0.001003533151958919,
        0.00165947326243156,
        0.017847994417235866,
        -0.0012567012977524156,
        -0.21781291517256568,
        0.02235507103573919,
        0.5639794951255287,
        0.0
      ],
      [
        18.871888410281876,
        11.895490675793486,
        -0.022346787211092366,
        27.147436075660448,
        54.24614743356797,
        -16.758737672200926,
        -0.008831759700199667,
        -0.1486443066764337,
        0.00021522203874122198,
        0.03697840515261052,
        -15.282977693963675,
        -0.011179645438977764,
        2.098982517341767,
        0.15304696603451395,
        -0.0054774487637113504,
        0.01352215118782317,
        0.003986931234645573,
        0.0024081842662694985,
        -0.7754526894003343,
        0.08223116928339655,
        -0.6850289763707467,
        0.0
      ],
      [
        -51373.498366345026,
        -23301.03892234859,
        -24.93710918053166,
        686.0858138448355,
        1349.5102866469988,
        -31113.59448665812,
        7.706875225361026,
        58373.51485864506,
        0.07644764310865242,
        -15.282977693963675,
        99332.2569123637,
        13.632029591064134,
        -10677.412315388645,
        8492.142843637195,
        4.929954444201822,
        -24.402619109482625,
        8.472375975558805,
        -0.6702861226395004,
        70.83378319317907,
        -5.164978217632671,
        1343.3054260546205,
        0.0
      ],
      [
        -0.3960231522866491,
        -23.137699274768288,
        -0.01013998175272603,
        -5.820426319597261,
        -11.620150774726184,
        -26.00018012579585,
        0.01555990764467036,
        12.40256290416155,
        -9.556441488103015e-05,
        -0.011179645438977764,
        13.632029591064134,
        0.13541635297610513,
        -15.493983552278484,
        6.606043895524728,
        0.011504893283993855,
        0.009886490609555473,
        -0.006499567254643553,
        -0.010940675526100022,
        -0.7911105324003127,
        0.10130092206866353,
        0.7711915335110815,
        0.0
      ],
      [
        10098.465360620481,
        -5407.206528331656,
        0.3441936198437319,
        -14320.129190515716,
        -28632.545708301437,
        6824.2715488281165,
        -3.3378234438322223,
        -9055.753513975433,
        -0.5361616581567041,
        2.098982517341767,
        -10677.412315388645,
        -15.493983552278484,
        39476.41863942144,
        -54331.0871208458,
        7.108713366433404,
        2.3847674818940434,
        -15.641307652633952,
        6.160299593488346,
        -493.69384988488275,
        57.18732443467428,
        21.18171302432949,
        0.0
      ],
      [
        -16032.073049286524,
        2805.7569953454367,
        -2.6422161163131945,
        21254.221300895,
        42495.39756660133,
        -8117.266587111288,
        4.085016815967585,
        8028.171133653701,
        0.22004592850653737,
        0.15304696603451395,
        8492.142843637195,
        6.606043895524728,
        -54331.0871208458,
        89283.66020406259,
        -7.203793097744775,
        0.584388896407797,
        11.882530607346471,
        -9.20685142069432,
        380.74512359596486,
        -46.598283849666004,
        -774.422589721518,
        0.0
      ],
      [
        -1.730198340937605,
        -50.63398249566702,
        -0.00129274011685819,
        -20.93859696489332,
        -41.837937345620865,
        14.778425977962673,
        0.002667520718753154,
        -0.5600800725416364,
        -0.001003533151958919,
        -0.0054774487637113504,
        4.929954444201822,
        0.011504893283993855,
        7.108713366433404,
        -7.203793097744775,
        0.0759620866199671,
        -0.015384949086243827,
        -0.0207574315345209,
        -0.0046375335836753625,
        -3.1209816898326928,
        0.3234558327835465,
        1.3425322345665205,
        0.0
      ],
      [
        22.772357032134767,
        87.29264188846341,
        -0.0019491970007249567,
        3.9840164798422535,
        7.965908348864696,
        -22.374483037481713,
        -0.0008714670021255015,
        -49.72000850349518,
        0.00165947326243156,
        0.01352215118782317,
        -24.402619109482625,
        0.009886490609555473,
        2.3847674818940434,
        0.584388896407797,
        -0.015384949086243827,
        0.16637145084275523,
        0.004964634464150517,
        0.003509884322656456,
        -1.7594022799705464,
        0.14198596524722268,
        -3.2275158435232703,
        0.0
      ],
      [
        4.37474596104766,
        25.099723421838558,
        -0.0019984153714355957,
        44.24346161370851,
        88.41553481659602,
        20.50685340759977,
        -0.010250650741637762,
        -9.909524574183529,
        0.017847994417235866,
        0.003986931234645573,
        8.472375975558805,
        -0.006499567254643553,
        -15.641307652633952,
        11.882530607346471,
        -0.0207574315345209,
        0.004964634464150517,
        0.24725747984784363,
        -0.02284394800392761,
        -1.0945841634335303,
        0.08675758897269539,
        6.679995673531547,
        0.0
      ],
      [
        4.423443679214553,
        15.021813114963741,
        -0.008260159254519601,
        -4.239345600710105,
        -8.468937633456516,
        -2.747127518769258,
        0.0015060420430293322,
        -2.005038980489198,
        -0.0012567012977524156,
        0.0024081842662694985,
        -0.6702861226395004,
        -0.010940675526100022,
        6.160299593488346,
        -9.20685142069432,
        -0.0046375335836753625,
        0.003509884322656456,
        -0.02284394800392761,
        0.048322006115992744,
        1.4181682995355522,
        -0.11936972409920356,
        2.8990560886000956,
        0.0
      ],
      [
        462.4047809388411,
        1026.6842509297107,
        -0.7329743833930581,
        3580.5467658176585,
        7164.192488374324,
        513.4286172103638,
        0.8285118899383473,
        -46.092528260743705,
        -0.21781291517256568,
        -0.7754526894003343,
        70.83378319317907,
        -0.7911105324003127,
        -493.69384988488275,
        380.74512359596486,
        -3.1209816898326928,
        -1.7594022799705464,
        -1.0945841634335303,
        1.4181682995355522,
        32918.83333729464,
        -3556.1114788997243,
        -3065.535897277754,
        0.0
      ],
      [
        -59.68352392243757,
        -182.4638875642355,
        0.06651362241892117,
        -376.1442568740353,
        -752.6421099247616,
        -61.390936581036954,
        -0.08337624714492203,
        18.598642812581037,
        0.02235507103573919,
        0.08223116928339655,
        -5.164978217632671,
        0.10130092206866353,
        57.18732443467428,
        -46.598283849666004,
        0.3234558327835465,
        0.14198596524722268,
        0.08675758897269539,
        -0.11936972409920356,
        -3556.1114788997243,
        384.2740511177131,
        337.1800363121341,
        0.0
      ],
      [
        -275.5133460996839,
        -3779.0646782224044,
        -0.21040917356286196,
        538.3303652455766,
        1075.7166853176398,
        414.2330331941914,
        0.03730388884063404,
        1237.970641115945,
        0.5639794951255287,
        -0.6850289763707467,
        1343.3054260546205,
        0.7711915335110815,
        21.18171302432949,
        -774.422589721518,
        1.3425322345665205,
        -3.2275158435232703,
        6.679995673531547,
        2.8990560886000956,
        -3065.535897277754,
        337.1800363121341,
        1358.8017458014983,
        0.0
      ],
      [
        0.0,
        0.0,
        0.0,
        0.0,
        0.0,
        0.0,
        0.0,
        0.0,
        0.0,
        0.0,
        0.0,
        0.0,
        0.0,
        0.0,
        0.0,
        0.0,
        0.0,
        0.0,
        0.0,
        0.0,
        0.0,
        1000000.0
      ]
    ],
    [
      [
        100665.30638633855,
        29727.85780056264,
        -35.35109935032382,
        -382.57639080319996,
        -717.2489088308901,
        1325.7457926538145,
        -7.05939843259552,
        -32073.459178219782,
        0.1027599795299233,
        22.460787065549614,
        -56151.565844277735,
        -10.589307468180042,
        12703.672963374982,
        -18039.79918197717,
        -1.9791615587237172,
        25.535352012582386,
        -5.440338064504058,
        -0.8376302338429963,
        7589.352641154834,
        -4.74557594433011,
        9235.663868066558,
        0.0
      ],
      [
        29727.85780056264,
        265131.9170280355,
        6.753156079223558,
        -36378.423474719326,
        -72738.59647224781,
        -81253.33902961799,
        4.777178544955779,
        -39432.14367627066,
        -3.072312320255441,
        15.035635840253136,
        -36803.36339733971,
        -11.439465999562888,
        -18250.27820788157,
        19983.212620966464,
        -55.481846032614754,
        134.14580496654065,
        -15.8476528113266,
        35.08621607527115,
        77584.50434100567,
        -64.01068582803471,
        74002.31459479904,
        0.0
      ],
      [
        -35.35109935032382,
        6.753156079223558,
        0.24485071778321127,
        23.058073228113223,
        46.22434135619374,
        41.76868677631355,
        -0.0856832509494093,
        -32.01835320506004,
        -0.001233978291823369,
        -0.03117100052689842,
        -21.435454446114363,
        0.007938732602956362,
        -4.271416585589467,
        3.1895455739187524,
        0.0005922426723628351,
        0.010977143735716835,
        -0.015903854402828568,
        -0.0006284945523188602,
        -44.059708653431755,
        -0.006107328374502164,
        -44.88643443363395,
        0.0
      ],
      [
        -382.57639080319996,
        -36378.423474719326,
        23.058073228113223,
        109469.95771112443,
        218940.26876634202,
        216793.57854996662,
        -13.709221986221744,
        -121041.27457929634,
        -0.3208982081916789,
        -3.929629142960363,
        -12184.43947099804,
        -19.700705066580248,
        15820.873245397508,
        -20699.788187373448,
        17.445383846312453,
        0.004962674402317095,
        3.8945849115662643,
        -7.823314522761384,
        -217767.60938288728,
        -11.036766448880853,
        -218046.85612053672,
        0.0
      ],
      [
        -717.2489088308901,
        -72738.59647224781,
        46.22434135619374,
        218940.26876634202,
        437881.57302171754,
        433588.4000427216,
        -27.410680558642,
        -242103.47482992866,
        -0.643798770632749,
        -7.914348636616738,
        -24398.480069995243,
        -39.40186282973582,
        31645.203717508688,
        -41402.11590252321,
        34.89741380725725,
        0.03483785871194767,
        7.7555508359155105,
        -15.655539748133144,
        -435531.83731998317,
        -22.089861444603912,
        -436089.49139404134,
        0.0
      ],
      [
        1325.7457926538145,
        -81253.33902961799,
        41.76868677631355,
        216793.57854996662,
        433588.4000427216,
        430481.75573285966,
        -27.58932952348084,
        -236061.3705612349,
        -0.5405221910474107,
        -7.871653534283782,
        -20588.645200764102,
        -41.381483369957856,
        37584.37043971873,
        -49957.36816661403,
        36.051448793284436,
        -5.6505106187030085,
        7.983977399827274,
        -18.12843606634777,
        -431929.62734613614,
        -21.934789226385703,
        -432219.31299696595,
        0.0
      ],
      [
        -7.05939843259552,
        4.777178544955779,
        -0.0856832509494093,
        -13.709221986221744,
        -27.410680558642,
        -27.58932952348084,
        0.07175006380634164,
        16.127670945986488,
        -0.0002810841379887515,
        -0.01186273159242214,
        4.5212339035848075,
        0.0011087220212213263,
        -4.720918830117047,
        7.059100266458432,
        -0.003037206466824151,
        -0.001590278015938321,
        -0.004076986393828241,
        -0.000960961368566536,
        27.081653877099672,
        -0.00018297824004911352,
        26.93161323281905,
        0.0
      ],
      [
        -32073.459178219782,
        -39432.14367627066,
        -32.01835320506004,
        -121041.27457929634,
        -242103.47482992866,
        -236061.3705612349,
        16.127670945986488,
        181453.74696493364,
        0.275448228631469,
        -6.356885759836375,
        57107.016287266444,
        25.773359015761198,
        -18021.55717731907,
        22058.526479814987,
        -10.266268335151878,
        -63.747711531010125,
        3.1478480535843927,
        1.02463426661786,
        232338.8392946195,
        27.431845337162102,
        232985.9363779105,
        0.0
      ],
      [
        0.1027599795299233,
        -3.072312320255441,
        -0.001233978291823369,
        -0.3208982081916789,
        -0.643798770632749,
        -0.5405221910474107,
        -0.0002810841379887515,
        0.275448228631469,
        0.0027696429459932843,
        0.0007483430654981332,
        0.13580519081521786,
        -0.0020389107012894012,
        0.14163009241765617,
        -0.3353329637577754,
        0.001434504436585901,
        -0.0009292614778399035,
        0.029088023109447317,
        0.0035064443547244708,
        0.8779221608792908,
        0.0014907539341776428,
        0.9533708606658375,
        0.0
      ],
      [
        22.460787065549614,
        15.035635840253136,
        -0.03117100052689842,
        -3.929629142960363,
        -7.914348636616738,
        -7.871653534283782,
        -0.01186273159242214,
        -6.356885759836375,
        0.0007483430654981332,
        0.050320135001952725,
        -18.770620966480006,
        -0.01276072236099422,
        4.225977851047997,
        -5.458450754164155,
        -0.0024428518101520837,
        0.004605693365868675,
        0.010198288787670998,
        0.0023892906384581445,
        10.027586000150617,
        0.00038655865150190327,
        10.348854628260495,
        0.0
      ],
      [
        -56151.565844277735,
        -36803.36339733971,
        -21.435454446114363,
        -12184.43947099804,
        -24398.480069995243,
        -20588.645200764102,
        4.5212339035848075,
        57107.016287266444,
        0.13580519081521786,
        -18.770620966480006,
        97637.48014037094,
        21.108637730442105,
        -11507.7202824271,
        12710.788004724986,
        4.75574702011302,
        -27.784051444198845,
        11.974816840323896,
        -2.9773063924616467,
        13180.362592430782,
        0.7300319186535443,
        12268.658177218418,
        0.0
      ],
      [
        -10.589307468180042,
        -11.439465999562888,
        0.007938732602956362,
        -19.700705066580248,
        -39.40186282973582,
        -41.381483369957856,
        0.0011087220212213263,
        25.773359015761198,
        -0.0020389107012894012,
        -0.01276072236099422,
        21.108637730442105,
        0.17111873355970655,
        -49.752161866879725,
        57.423764369004616,
        -0.004731644084225429,
        0.014791707973090684,
        -0.019384346869028856,
        -0.009026473657269224,
        40.15713829235222,
        0.020840794929824567,
        39.44953371270623,
        0.0
      ],
      [
        12703.672963374982,
        -18250.27820788157,
        -4.271416585589467,
        15820.873245397508,
        31645.203717508688,
        37584.37043971873,
        -4.720918830117047,
        -18021.55717731907,
        0.14163009241765617,
        4.225977851047997,
        -11507.7202824271,
        -49.752161866879725,
        76126.23054607022,
        -102796.6457676384,
        2.4402133721863573,
        -10.245655938733739,
        -10.004150750833588,
        -17.414458085187338,
        -32433.91659879926,
        -20.569824360920222,
        -30536.205829189264,
        0.0
      ],
      [
        -18039.79918197717,
        19983.212620966464,
        3.1895455739187524,
        -20699.788187373448,
        -41402.11590252321,
        -49957.36816661403,
        7.059100266458432,
        22058.526479814987,
        -0.3353329637577754,
        -5.458450754164155,
        12710.788004724986,
        57.423764369004616,
        -102796.6457676384,
        148388.85398849973,
        -0.8057169663036026,
        14.908758614021956,
        7.15954082711818,
        27.558756870599673,
        43487.22944640623,
        32.70588114522206,
        40998.483845299335,
        0.0
      ],
      [
        -1.9791615587237172,
        -55.481846032614754,
        0.0005922426723628351,
        17.445383846312453,
        34.89741380725725,
        36.051448793284436,
        -0.003037206466824151,
        -10.266268335151878,
        0.001434504436585901,
        -0.0024428518101520837,
        4.75574702011302,
        -0.004731644084225429,
        2.4402133721863573,
        -0.8057169663036026,
        0.09152108602686887,
        -0.026113215865268484,
        0.009175586219218823,
        -0.009307464547093329,
        -33.805047749724224,
        -0.021339047227672676,
        -33.00322669348003,
        0.0
      ],
      [
        25.535352012582386,
        134.14580496654065,
        0.010977143735716835,
        0.004962674402317095,
        0.03483785871194767,
        -5.6505106187030085,
        -0.001590278015938321,
        -63.747711531010125,
        -0.0009292614778399035,
        0.004605693365868675,
        -27.784051444198845,
        0.014791707973090684,
        -10.245655938733739,
        14.908758614021956,
        -0.026113215865268484,
        0.20397879390167703,
        -0.014178021478862029,
        0.01275231581966291,
        8.969790589161704,
        -0.06587035000068456,
        7.471918805398023,
        0.0
      ],
      [
        -5.440338064504058,
        -15.8476528113266,
        -0.015903854402828568,
        3.8945849115662643,
        7.7555508359155105,
        7.983977399827274,
        -0.004076986393828241,
        3.1478480535843927,
        0.029088023109447317,
        0.010198288787670998,
        11.974816840323896,
        -0.019384346869028856,
        -10.004150750833588,
        7.15954082711818,
        0.009175586219218823,
        -0.014178021478862029,
        0.3893981394561142,
        0.09428101621876123,
        -8.848757112188999,
        0.06627324900240875,
        -8.952986608347063,
        0.0
      ],
      [
        -0.8376302338429963,
        35.08621607527115,
        -0.0006284945523188602,
        -7.823314522761384,
        -15.655539748133144,
        -18.12843606634777,
        -0.000960961368566536,
        1.02463426661786,
        0.0035064443547244708,
        0.0023892906384581445,
        -2.9773063924616467,
        -0.009026473657269224,
        -17.414458085187338,
        27.558756870599673,
        -0.009307464547093329,
        0.01275231581966291,
        0.09428101621876123,
        0.1566961910997543,
        16.043582934145924,
        0.1124387813102526,
        15.17390327320306,
        0.0
      ],
      [
        7589.352641154834,
        77584.50434100567,
        -44.059708653431755,
        -217767.60938288728,
        -435531.83731998317,
        -431929.62734613614,
        27.081653877099672,
        232338.8392946195,
        0.8779221608792908,
        10.027586000150617,
        13180.362592430782,
        40.15713829235222,
        -32433.91659879926,
        43487.22944640623,
        -33.805047749724224,
        8.969790589161704,
        -8.848757112188999,
        16.043582934145924,
        435485.1197655045,
        23.28560633477335,
        436142.3729421783,
        0.0
      ],
      [
        -4.74557594433011,
        -64.01068582803471,
        -0.006107328374502164,
        -11.036766448880853,
        -22.089861444603912,
        -21.934789226385703,
        -0.00018297824004911352,
        27.431845337162102,
        0.0014907539341776428,
        0.00038655865150190327,
        0.7300319186535443,
        0.020840794929824567,
        -20.569824360920222,
        32.70588114522206,
        -0.021339047227672676,
        -0.06587035000068456,
        0.06627324900240875,
        0.1124387813102526,
        23.28560633477335,
        0.17421261886004136,
        23.993011018118544,
        0.0
      ],
      [
        9235.663868066558,
        74002.31459479904,
        -44.88643443363395,
        -218046.85612053672,
        -436089.49139404134,
        -432219.31299696595,
        26.93161323281905,
        232985.9363779105,
        0.9533708606658375,
        10.348854628260495,
        12268.658177218418,
        39.44953371270623,
        -30536.205829189264,
        40998.483845299335,
        -33.00322669348003,
        7.471918805398023,
        -8.952986608347063,
        15.17390327320306,
        436142.3729421783,
        23.993011018118544,
        436948.7498713918,
        0.0
      ],
      [
        0.0,
        0.0,
        0.0,
        0.0,
        0.0,
        0.0,
        0.0,
        0.0,
        0.0,
        0.0,
        0.0,
        0.0,
        0.0,
        0.0,
        0.0,
        0.0,
        0.0,
        0.0,
        0.0,
        0.0,
        0.0,
        1000000.0
      ]
    ],
    [
      [
        87022.16943323782,
        45651.5411312386,
        -15.822239942353907,
        35609.04759971861,
        71259.63181522602,
        -16588.165563742026,
        -6.090588909792564,
        -18831.433299073873,
        -0.48317542412107933,
        16.74783017396046,
        -57409.65649811198,
        -4.576876537691389,
        1338.8359447509442,
        -4257.465723693844,
        -2.7071034142597554,
        24.20163389112132,
        -3.506377991548796,
        -0.015518001158594908,
        -72623.38519513031,
        -13.444642777733097,
        0.0,
        0.0
      ],
      [
        45651.5411312386,
        279783.4058826619,
        7.43265369276504,
        24841.852815079394,
        49705.867541520915,
        -83441.37542114081,
        1.505050064279523,
        -47139.778545644294,
        -0.5626380149908867,
        22.971090721757307,
        -48416.47356069453,
        -37.292401737334046,
        1737.2405816716616,
        -8592.468547732904,
        -48.102828499227144,
        125.00273682192704,
        6.2844629251176345,
        32.806466940380936,
        -49327.17227924327,
        -76.44993161744026,
        0.0,
        0.0
      ],
      [
        -15.822239942353907,
        7.43265369276504,
        0.172531084370357,
        22.764401364951652,
        45.62221475797622,
        31.043757760653982,
        -0.06839912329117687,
        -23.684775408872348,
        0.0001636097413750428,
        -0.028165208534329023,
        -22.9753419280085,
        -0.0034854189836137665,
        2.3201015095434236,
        -9.591814901105812,
        -0.007176606554516873,
        -0.0053630014402089345,
        0.004450172286125845,
        -0.005734105215997728,
        -46.50327810700378,
        -0.004354508227694483,
        0.0,
        0.0
      ],
      [
        35609.04759971861,
        24841.852815079394,
        22.764401364951652,
        153672.13159294258,
        307358.8603464175,
        31755.321198808626,
        -3.1861240285524772,
        -74482.77310658322,
        0.3123150704464432,
        17.785381164459785,
        -103964.81679133917,
        -7.135159036314909,
        48705.639016521425,
        -72805.20357659608,
        12.475053961050609,
        37.27774104385365,
        -10.483146964177852,
        3.858367379589828,
        -311540.71279746527,
        4.910746586183899,
        0.0,
        0.0
      ],
      [
        71259.63181522602,
        49705.867541520915,
        45.62221475797622,
        307358.8603464175,
        614747.2182248228,
        63490.42452381538,
        -6.350179346222084,
        -148967.62348265568,
        0.6229776222714164,
        35.49864131469245,
        -207953.05084586938,
        -14.27088843032558,
        97409.67151381762,
        -145613.77125098795,
        24.936346190524773,
        74.56843081180952,
        -20.980947757931997,
        7.701345043075808,
        -623111.647839993,
        9.81754326302092,
        0.0,
        0.0
      ],
      [
        -16588.165563742026,
        -83441.37542114081,
        31.043757760653982,
        31755.321198808626,
        63490.42452381538,
        523556.20839846437,
        -16.413355445063516,
        -289139.0469828685,
        1.3816343830619673,
        -7.635362986850825,
        -33555.67072223373,
        -7.319532032529269,
        20243.539445214585,
        -24556.47897123811,
        38.497673640710985,
        -0.1817420363983826,
        45.78703616985633,
        -17.007059099996603,
        -67077.5176672211,
        -25.710770086980048,
        0.0,
        0.0
      ],
      [
        -6.090588909792564,
        1.505050064279523,
        -0.06839912329117687,
        -3.1861240285524772,
        -6.350179346222084,
        -16.413355445063516,
        0.06983623531808006,
        5.4563848319922545,
        -0.00032015591205541684,
        -0.015771833705351207,
        0.8516492275974723,
        0.009680728789053796,
        -5.202972824405164,
        8.18647170044616,
        -0.0022500623285552704,
        0.01083143963328079,
        -0.005551816599140364,
        0.00216802918149628,
        6.696798487584156,
        0.006988546509074926,
        0.0,
        0.0
      ],
      [
        -18831.433299073873,
        -47139.778545644294,
        -23.684775408872348,
        -74482.77310658322,
        -148967.62348265568,
        -289139.0469828685,
        5.4563848319922545,
        222396.3086978622,
        -1.3100266201229285,
        -8.768373767858954,
        71195.37512429053,
        3.6180659555044805,
        -18876.253371019782,
        22541.122337019704,
        -17.85051369814982,
        -70.87532732885356,
        -25.617571902830694,
        1.181156223580237,
        151739.72314075037,
        30.747767557319662,
        0.0,
        0.0
      ],
      [
        -0.48317542412107933,
        -0.5626380149908867,
        0.0001636097413750428,
        0.3123150704464432,
        0.6229776222714164,
        1.3816343830619673,
        -0.00032015591205541684,
        -1.3100266201229285,
        0.0012888498540187868,
        0.0003619444340426814,
        -0.4239988716389122,
        -3.4630061163859465e-05,
        -0.40244959286350235,
        0.5211617356630885,
        0.0007830129690886867,
        0.0003257200024210674,
        0.013599061849434154,
        -0.0020597807044951738,
        -0.6178272579760159,
        -0.002514288923640452,
        0.0,
        0.0
      ],
      [
        16.74783017396046,
        22.971090721757307,
        -0.028165208534329023,
        17.785381164459785,
        35.49864131469245,
        -7.635362986850825,
        -0.015771833705351207,
        -8.768373767858954,
        0.0003619444340426814,
        0.052640217827574484,
        -19.904167135758687,
        -0.013599060379642893,
        4.0203928831074425,
        -3.987068711634072,
        0.00286229620188947,
        0.005003165546303807,
        0.008206004401237997,
        0.004337322287232791,
        -35.892354095874076,
        -0.006417815429667466,
        0.0,
        0.0
      ],
      [
        -57409.65649811198,
        -48416.47356069453,
        -22.9753419280085,
        -103964.81679133917,
        -207953.05084586938,
        -33555.67072223373,
        0.8516492275974723,
        71195.37512429053,
        -0.4239988716389122,
        -19.904167135758687,
        137039.00869672254,
        12.476759454362437,
        -4640.115989875793,
        4241.566755582038,
        3.6505929844560923,
        -21.452343528957513,
        -7.557619996199381,
        -0.1895131326655172,
        211168.55159253153,
        6.717118224267137,
        0.0,
        0.0
      ],
      [
        -4.576876537691389,
        -37.292401737334046,
        -0.0034854189836137665,
        -7.135159036314909,
        -14.27088843032558,
        -7.319532032529269,
        0.009680728789053796,
        3.6180659555044805,
        -3.4630061163859465e-05,
        -0.013599060379642893,
        12.476759454362437,
        0.10544480130265889,
        -13.056480027453304,
        9.0606091248555,
        0.005024180489844858,
        0.014825999077579794,
        -0.00811640093389442,
        -0.011839154744664973,
        14.797017594544348,
        0.021471266385190653,
        0.0,
        0.0
      ],
      [
        1338.8359447509442,
        1737.2405816716616,
        2.3201015095434236,
        48705.639016521425,
        97409.67151381762,
        20243.539445214585,
        -5.202972824405164,
        -18876.253371019782,
        -0.40244959286350235,
        4.0203928831074425,
        -4640.115989875793,
        -13.056480027453304,
        33573.73988496033,
        -49484.95827998064,
        5.791130942950776,
        8.509418883196549,
        -10.670210087414413,
        5.351816937908796,
        -98879.08930662418,
        -1.4317031649733183,
        0.0,
        0.0
      ],
      [
        -4257.465723693844,
        -8592.468547732904,
        -9.591814901105812,
        -72805.20357659608,
        -145613.77125098795,
        -24556.47897123811,
        8.18647170044616,
        22541.122337019704,
        0.5211617356630885,
        -3.987068711634072,
        4241.566755582038,
        9.0606091248555,
        -49484.95827998064,
        84611.70069612042,
        -6.301343120868388,
        -11.975061155368223,
        10.607955130820194,
        -5.825385637072783,
        148015.53664390818,
        6.092155491457781,
        0.0,
        0.0
      ],
      [
        -2.7071034142597554,
        -48.102828499227144,
        -0.007176606554516873,
        12.475053961050609,
        24.936346190524773,
        38.497673640710985,
        -0.0022500623285552704,
        -17.85051369814982,
        0.0007830129690886867,
        0.00286229620188947,
        3.6505929844560923,
        0.005024180489844858,
        5.791130942950776,
        -6.301343120868388,
        0.07485943812983961,
        0.00026265095679255525,
        0.004869865160390244,
        -0.0022377197605726196,
        -25.302616055417985,
        -0.01876370766945244,
        0.0,
        0.0
      ],
      [
        24.20163389112132,
        125.00273682192704,
        -0.0053630014402089345,
        37.27774104385365,
        74.56843081180952,
        -0.1817420363983826,
        0.01083143963328079,
        -70.87532732885356,
        0.0003257200024210674,
        0.005003165546303807,
        -21.452343528957513,
        0.014825999077579794,
        8.509418883196549,
        -11.975061155368223,
        0.00026265095679255525,
        0.17939972088234346,
        -0.00024388793163608168,
        0.022388127378606335,
        -74.47515808224968,
        -0.056605807002039335,
        0.0,
        0.0
      ],
      [
        -3.506377991548796,
        6.2844629251176345,
        0.004450172286125845,
        -10.483146964177852,
        -20.980947757931997,
        45.78703616985633,
        -0.005551816599140364,
        -25.617571902830694,
        0.013599061849434154,
        0.008206004401237997,
        -7.557619996199381,
        -0.00811640093389442,
        -10.670210087414413,
        10.607955130820194,
        0.004869865160390244,
        -0.00024388793163608168,
        0.1933062890189546,
        -0.032233606949707214,
        20.96191885052027,
        -0.04989547995911682,
        0.0,
        0.0
      ],
      [
        -0.015518001158594908,
        32.806466940380936,
        -0.005734105215997728,
        3.858367379589828,
        7.701345043075808,
        -17.007059099996603,
        0.00216802918149628,
        1.181156223580237,
        -0.0020597807044951738,
        0.004337322287232791,
        -0.1895131326655172,
        -0.011839154744664973,
        5.351816937908796,
        -5.825385637072783,
        -0.0022377197605726196,
        0.022388127378606335,
        -0.032233606949707214,
        0.04715583295262098,
        -7.62968834667157,
        0.01107352899883008,
        0.0,
        0.0
      ],
      [
        -72623.38519513031,
        -49327.17227924327,
        -46.50327810700378,
        -311540.71279746527,
        -623111.647839993,
        -67077.5176672211,
        6.696798487584156,
        151739.72314075037,
        -0.6178272579760159,
        -35.892354095874076,
        211168.55159253153,
        14.797017594544348,
        -98879.08930662418,
        148015.53664390818,
        -25.302616055417985,
        -74.47515808224968,
        20.96191885052027,
