{
  "q_values": [
    14.90804468057685,
    17.529234818917903,
    18.513404491215983
  ],
  "weights": [
    [
      6.313302079789082,
      10.0,
      0.8795036649336696,
      -10.0,
      -10.0,
      -10.0,
      -0.06336767710053115,
      -10.0,
      -0.45977566264764574,
      0.3548122212102583,
      -10.0,
      -2.050174259049183,
      -10.0,
      10.0,
      -0.08371694906158789,
      1.8659625989092048,
      -1.352605219698932,
      -0.6306226947018709,
      10.0,
      1.8649710681397833,
      -7.965622607177011,
      0.0
    ],
    [
      10.0,
      10.0,
      0.29253686034380133,
      -10.0,
      -10.0,
      -10.0,
      0.24830849129573862,
      10.0,
      -0.29562602810821786,
      0.004791142335560009,
      -10.0,
      -3.2920692673113137,
      -10.0,
      10.0,
      -1.2001014468596285,
      2.982489814305279,
      -1.1211207803579926,
      0.15687525828499568,
      10.0,
      4.307918039295529,
      -10.0,
      0.0
    ],
    [
      10.0,
      10.0,
      0.1432053519550891,
      -10.0,
      -10.0,
      10.0,
      0.15096454778432644,
      -10.0,
      -0.42992894301558326,
      0.3267007823659469,
      -10.0,
      -1.9439516220666064,
      -10.0,
      10.0,
      0.25110276830007194,
      0.8173702746455405,
      -1.2845065468971484,
      -0.011504321632105352,
      -1.1929250222161934e-05,
      5.499341765831469,
      0.0,
      0.0
    ]
  ],
  "cov_inv_matrices": [
    [
      [
        5300.380840249691,
        1970.454387434495,
        -6.011991530240514,
        -299.8725627157493,
        -593.8601343343836,
        -3648.7215107011293,
        0.6483066924893078,
        933.8788375001081,
        0.13550497169106496,
        1.6205460760343722,
        -2134.87984570236,
        0.07918352044514923,
        -72.54473388632628,
        524.7917793425199,
        -1.0327249756622199,
        0.14298568521059554,
        -0.5804117795753914,
        -0.11602791810448568,
        12.447031386772538,
        -1.2377402670890596,
        -560.1575545936702,
        0.0
      ],
      [
        1970.454387434495,
        16583.950261169397,
        -0.716399401698667,
        -362.738920704712,
        -725.1350451720191,
        -9517.495456167235,
        1.388511773809919,
        -475.21167625259625,
        -0.5936115317275704,
        1.3312171839819904,
        -3376.9317433208726,
        -0.9191324921765609,
        195.1571077116641,
        -104.82922624470315,
        -9.524224798036542,
        12.431539697752703,
        1.01955947357468,
        -5.232041517733563,
        5.208911090908292,
        -8.155231859301884,
        -173.6728201189961,
        0.0
      ],
      [
        -6.011991530240514,
        -0.716399401698667,
        0.1225598241536253,
        -6.346949008994635,
        -12.654427638250509,
        1.9055591855021519,
        -0.04348435969364266,
        -6.92100225108118,
        0.0009809173406718419,
        -0.00732033011738196,
        -7.916648054167974,
        0.0002535669025194755,
        1.0903484833701294,
        -2.7654882788067288,
        -0.002296892188734247,
        0.01838930623891848,
        -0.012185490481058447,
        0.003735361325016953,
        0.06099684894329069,
        0.003369323326334736,
        -0.6686400175704937,
        0.0
      ],
      [
        -299.8725627157493,
        -362.738920704712,
        -6.346949008994635,
        1585.977219285846,
        3161.4489500562413,
        1509.861529316734,
        1.4398773532804716,
        -321.0150060050166,
        -0.048749571422909206,
        1.1572988382591476,
        556.3164294114749,
        -1.619801685139909,
        -2.2863039673580787,
        -82.66939504556714,
        -0.04592670038160717,
        -1.4877417043951753,
        1.0891398657330214,
        0.060830564577209756,
        6.66066706532881,
        -1.5435825226749524,
        -7.425364118142794,
        0.0
      ],
      [
        -593.8601343343836,
        -725.1350451720191,
        -12.654427638250509,
        3161.4489500562413,
        6301.962936977696,
        3015.8560819652366,
        2.869603650155505,
        -643.1713385627681,
        -0.0968535096858374,
        2.307547944142958,
        1108.2051535696203,
        -3.2330970780892003,
        -4.292642478737964,
        -164.19129091094533,
        -0.08786311954382647,
        -2.968163020102005,
        2.1705484157593933,
        0.12330428055673992,
        13.323172885704395,
        -3.0832004200631897,
        -15.712082825834884,
        0.0
      ],
      [
        -3648.7215107011293,
        -9517.495456167235,
        1.9055591855021519,
        1509.861529316734,
        3015.8560819652366,
        33431.19514175007,
        -0.7380499552953347,
        -13496.567532496105,
        0.06869842760397579,
        -1.5887507024610996,
        2732.1627807203413,
        -13.791372229847289,
        465.5356699437028,
        -542.4378663955836,
        10.644767484704255,
        -11.7281636160088,
        6.925423526275512,
        3.2444668724718992,
        -5.044858857384124,
        -9.165163994846413,
        210.0960215514034,
        0.0
      ],
      [
        0.6483066924893078,
        1.388511773809919,
        -0.04348435969364266,
        1.4398773532804716,
        2.869603650155505,
        -0.7380499552953347,
        0.022667929952468135,
        1.282583654092992,
        -0.0006278576161890044,
        0.0018528001728796552,
        1.171493211337719,
        0.00016974804861691795,
        -0.5328280447941894,
        0.7282262490358995,
        0.0004935902484058743,
        -0.00422227837365879,
        0.003859363949088283,
        -0.0023344786190656963,
        -0.0337345437161854,
        -0.00033816558280852125,
        0.41118154300301357,
        0.0
      ],
      [
        933.8788375001081,
        -475.21167625259625,
        -6.92100225108118,
        -321.0150060050166,
        -643.1713385627681,
        -13496.567532496105,
        1.282583654092992,
        8757.808001740173,
        -0.143667086264769,
        0.009361365155375037,
        1636.2073277122336,
        5.43415177423146,
        -241.01059619439553,
        373.0027314229642,
        -3.383259522745556,
        -1.7617509814640435,
        -0.4447922662732496,
        -1.0706790142461442,
        -6.542577027444313,
        4.3968776311178,
        172.0147281881233,
        0.0
      ],
      [
        0.13550497169106496,
        -0.5936115317275704,
        0.0009809173406718419,
        -0.048749571422909206,
        -0.0968535096858374,
        0.06869842760397579,
        -0.0006278576161890044,
        -0.143667086264769,
        0.0006378944405661732,
        3.665227516763709e-05,
        -0.06008136939669545,
        -0.00020032498958845132,
        0.0011831857714000261,
        -0.21038030591646628,
        0.0007838694305668348,
        0.0002948769082288976,
        -0.0005730852771677545,
        0.001194091951096069,
        0.029556432432727642,
        -0.001480041553044805,
        -0.050376085015945496,
        0.0
      ],
      [
        1.6205460760343722,
        1.3312171839819904,
        -0.00732033011738196,
        1.1572988382591476,
        2.307547944142958,
        -1.5887507024610996,
        0.0018528001728796552,
        0.009361365155375037,
        3.665227516763709e-05,
        0.008217233676361053,
        -1.719496556993318,
        -0.0014112614019126213,
        -0.14450040456029617,
        -0.25946710746267854,
        -0.0007611647359440733,
        -0.0005044327980048232,
        0.0007154844965571817,
        -0.000329776174780748,
        0.026186051703963698,
        -0.0028484344847450396,
        -0.049899418298204934,
        0.0
      ],
      [
        -2134.87984570236,
        -3376.9317433208726,
        -7.916648054167974,
        556.3164294114749,
        1108.2051535696203,
        2732.1627807203413,
        1.171493211337719,
        1636.2073277122336,
        -0.06008136939669545,
        -1.719496556993318,
        5692.676424030729,
        0.1007902275497699,
        187.151916275517,
        7.155818776994209,
        2.4155580606282125,
        -4.066379078200967,
        1.7849654463711868,
        0.5693527306624456,
        -16.356983873323294,
        -0.0006576530787071314,
        123.70747411772206,
        0.0
      ],
      [
        0.07918352044514923,
        -0.9191324921765609,
        0.0002535669025194755,
        -1.619801685139909,
        -3.2330970780892003,
        -13.791372229847289,
        0.00016974804861691795,
        5.43415177423146,
        -0.00020032498958845132,
        -0.0014112614019126213,
        0.1007902275497699,
        0.056897717009193265,
        -1.1335943880507013,
        -1.5800583996016864,
        -0.00772027110442435,
        0.009990093676569401,
        -0.01284697969493443,
        -0.003032203997780084,
        -0.05250636507390341,
        0.02361816967637536,
        1.0491421402920063,
        0.0
      ],
      [
        -72.54473388632628,
        195.1571077116641,
        1.0903484833701294,
        -2.2863039673580787,
        -4.292642478737964,
        465.5356699437028,
        -0.5328280447941894,
        -241.01059619439553,
        0.0011831857714000261,
        -0.14450040456029617,
        187.151916275517,
        -1.1335943880507013,
        498.9893531382895,
        -718.0413468760092,
        -0.08590340048230058,
        -0.05470157943146475,
        -0.6086159553057313,
        0.23447500447437142,
        -8.13233794948717,
        0.8930511236613643,
        -204.37331600555828,
        0.0
      ],
      [
        524.7917793425199,
        -104.82922624470315,
        -2.7654882788067288,
        -82.66939504556714,
        -164.19129091094533,
        -542.4378663955836,
        0.7282262490358995,
        373.0027314229642,
        -0.21038030591646628,
        -0.25946710746267854,
        7.155818776994209,
        -1.5800583996016864,
        -718.0413468760092,
        3143.3370352783427,
        0.794854306276722,
        -0.17869620768588992,
        -0.01045951990986575,
        -0.013126579499413971,
        -7.9981371219878605,
        -1.3563524043882937,
        29.54472931038534,
        0.0
      ],
      [
        -1.0327249756622199,
        -9.524224798036542,
        -0.002296892188734247,
        -0.04592670038160717,
        -0.08786311954382647,
        10.644767484704255,
        0.0004935902484058743,
        -3.383259522745556,
        0.0007838694305668348,
        -0.0007611647359440733,
        2.4155580606282125,
        -0.00772027110442435,
        -0.08590340048230058,
        0.794854306276722,
        0.024722213195137,
        -0.007138346009274913,
        0.000823908057575913,
        0.00494054683519932,
        -0.0516691729743029,
        0.0017969106086499842,
        -0.27873885799568493,
        0.0
      ],
      [
        0.14298568521059554,
        12.431539697752703,
        0.01838930623891848,
        -1.4877417043951753,
        -2.968163020102005,
        -11.7281636160088,
        -0.00422227837365879,
        -1.7617509814640435,
        0.0002948769082288976,
        -0.0005044327980048232,
        -4.066379078200967,
        0.009990093676569401,
        -0.05470157943146475,
        -0.17869620768588992,
        -0.007138346009274913,
        0.03910554379226682,
        -0.00945328893714096,
        -0.0009681086049333155,
        0.008833653193851952,
        -0.0033521318354015396,
        -0.20007864400465475,
        0.0
      ],
      [
        -0.5804117795753914,
        1.01955947357468,
        -0.012185490481058447,
        1.0891398657330214,
        2.1705484157593933,
        6.925423526275512,
        0.003859363949088283,
        -0.4447922662732496,
        -0.0005730852771677545,
        0.0007154844965571817,
        1.7849654463711868,
        -0.01284697969493443,
        -0.6086159553057313,
        -0.01045951990986575,
        0.000823908057575913,
        -0.00945328893714096,
        0.01867373590810784,
        -0.0037584681111564543,
        0.06191112429796787,
        -0.020436020189293733,
        0.5478634604309052,
        0.0
      ],
      [
        -0.11602791810448568,
        -5.232041517733563,
        0.003735361325016953,
        0.060830564577209756,
        0.12330428055673992,
        3.2444668724718992,
        -0.0023344786190656963,
        -1.0706790142461442,
        0.001194091951096069,
        -0.000329776174780748,
        0.5693527306624456,
        -0.003032203997780084,
        0.23447500447437142,
        -0.013126579499413971,
        0.00494054683519932,
        -0.0009681086049333155,
        -0.0037584681111564543,
        0.011421812249079472,
        -0.0011103334918113263,
        0.007047783956995031,
        -0.3914504803435036,
        0.0
      ],
      [
        12.447031386772538,
        5.208911090908292,
        0.06099684894329069,
        6.66066706532881,
        13.323172885704395,
        -5.044858857384124,
        -0.0337345437161854,
        -6.542577027444313,
        0.029556432432727642,
        0.026186051703963698,
        -16.356983873323294,
        -0.05250636507390341,
        -8.13233794948717,
        -7.9981371219878605,
        -0.0516691729743029,
        0.008833653193851952,
        0.06191112429796787,
        -0.0011103334918113263,
        53.140661553047025,
        -5.752262843693018,
        -6.346003111693874,
        0.0
      ],
      [
        -1.2377402670890596,
        -8.155231859301884,
        0.003369323326334736,
        -1.5435825226749524,
        -3.0832004200631897,
        -9.165163994846413,
        -0.00033816558280852125,
        4.3968776311178,
        -0.001480041553044805,
        -0.0028484344847450396,
        -0.0006576530787071314,
        0.02361816967637536,
        0.8930511236613643,
        -1.3563524043882937,
        0.0017969106086499842,
        -0.0033521318354015396,
        -0.020436020189293733,
        0.007047783956995031,
        -5.752262843693018,
        0.6540758181238445,
        0.7528518849630761,
        0.0
      ],
      [
        -560.1575545936702,
        -173.6728201189961,
        -0.6686400175704937,
        -7.425364118142794,
        -15.712082825834884,
        210.0960215514034,
        0.41118154300301357,
        172.0147281881233,
        -0.050376085015945496,
        -0.049899418298204934,
        123.70747411772206,
        1.0491421402920063,
        -204.37331600555828,
        29.54472931038534,
        -0.27873885799568493,
        -0.20007864400465475,
        0.5478634604309052,
        -0.3914504803435036,
        -6.346003111693874,
        0.7528518849630761,
        348.5899503561141,
        0.0
      ],
      [
        0.0,
        0.0,
        0.0,
        0.0,
        0.0,
        0.0,
        0.0,
        0.0,
        0.0,
        0.0,
        0.0,
        0.0,
        0.0,
        0.0,
        0.0,
        0.0,
        0.0,
        0.0,
        0.0,
        0.0,
        0.0,
        1000000.0
      ]
    ],
    [
      [
        6673.505254328732,
        1495.519259280811,
        -4.227208212251007,
        3.3490440467968607,
        11.870852068743844,
        -1478.004271998262,
        0.1732589569857925,
        -1397.953833686503,
        0.20051392999953713,
        2.117783724456307,
        -5177.1031930759655,
        1.3755751922042367,
        -302.3165621298084,
        -13.868572143323323,
        -0.5779185231689632,
        1.7500516505545332,
        -1.4220421488386292,
        0.06510737620562762,
        0.4818777382003737,
        2.604805144156587,
        -47.32697255392169,
        0.0
      ],
      [
        1495.519259280811,
        14696.114853384202,
        0.4860496192605336,
        -85.30086449574279,
        -171.84762802351696,
        -5016.088378237938,
        0.23663630820525966,
        -1988.2540533329181,
        -0.3584332186969355,
        -0.014441517994579276,
        -3005.2013543462717,
        -1.1238887091378935,
        182.48648398458806,
        -600.4398119839396,
        -7.700376737121323,
        10.835606669068689,
        2.069541660302195,
        -3.368877129259235,
        -11.470036394851476,
        -6.278350940045291,
        -192.78752284609274,
        0.0
      ],
      [
        -4.227208212251007,
        0.4860496192605336,
        0.06841375346837202,
        -0.09570640907268771,
        -0.16792637642058,
        2.856932480190286,
        -0.02202828179273587,
        -4.690072856259356,
        0.0005645006081395061,
        -0.004381795390102437,
        -5.412460720271101,
        -0.0007931647089734395,
        -0.09512550544488443,
        -0.9223561124877666,
        -0.002190576660682822,
        0.0003227532661151751,
        -0.002073643804316721,
        0.0021671941264812065,
        0.021053274821963872,
        0.006540302821723129,
        -0.12023079380591176,
        0.0
      ],
      [
        3.3490440467968607,
        -85.30086449574279,
        -0.09570640907268771,
        8463.39130253164,
        16926.535986837218,
        221.67652949631596,
        -0.03837543292641872,
        -8.227586346186104,
        0.0037269580428001443,
        0.05811103873344388,
        -81.2089980980426,
        0.02307550333998943,
        10.558416753082618,
        -46.64387002679102,
        -0.03593227936131828,
        -0.27473766388493226,
        0.06554120102336422,
        -0.032990382574417,
        20.39846911045855,
        -0.12010942015387677,
        856.9411298554987,
        0.0
      ],
      [
        11.870852068743844,
        -171.84762802351696,
        -0.16792637642058,
        16926.535986837218,
        33852.62837377901,
        443.18494458255003,
        -0.08036253270337919,
        -18.4913358493606,
        0.007673839100688299,
        0.11357232231506875,
        -167.17642061921111,
        0.049650123355541004,
        20.80484424342019,
        -93.63761760499168,
        -0.06845585842958235,
        -0.5497503310069468,
        0.12774857500551917,
        -0.06491890838207676,
        40.77637395611275,
        -0.23532893383793876,
        1713.3048404455753,
        0.0
      ],
      [
        -1478.004271998262,
        -5016.088378237938,
        2.856932480190286,
        221.67652949631596,
        443.18494458255003,
        30600.94445740474,
        -0.5994448712117716,
        -14182.029368442483,
        -0.5710521702909556,
        0.6266405254449017,
        -54.465007477877236,
        -9.964773351901997,
        636.7146832427713,
        -62.691605624190565,
        4.912630930134519,
        -8.895859803377029,
        5.616563180610683,
        0.1701329285442974,
        12.390205933256375,
        -10.760988697507551,
        673.5754253373813,
        0.0
      ],
      [
        0.1732589569857925,
        0.23663630820525966,
        -0.02202828179273587,
        -0.03837543292641872,
        -0.08036253270337919,
        -0.5994448712117716,
        0.012431652125990237,
        0.6199271724980522,
        -0.0004981140084328246,
        0.00020356005726415228,
        0.3818310142461699,
        0.0001758844688168155,
        0.12213787871676036,
        -0.007054635998536458,
        0.00022261216216349608,
        0.0012825573848596465,
        -0.00022004071517641328,
        -0.0013176344065312182,
        -0.016497171434734073,
        -0.0019150669665824005,
        -0.11210065443708989,
        0.0
      ],
      [
        -1397.953833686503,
        -1988.2540533329181,
        -4.690072856259356,
        -8.227586346186104,
        -18.4913358493606,
        -14182.029368442483,
        0.6199271724980522,
        11042.465406829708,
        -0.08400433947047213,
        -0.9138356425034406,
        4901.5652282670835,
        2.8323133614880343,
        12.849315191400136,
        -37.569468268804286,
        -1.6213671311322726,
        -3.0994874020632226,
        0.5446269460782898,
        -0.4667017401875093,
        -0.5040093824271106,
        1.6073597403141617,
        -105.77517058369463,
        0.0
      ],
      [
        0.20051392999953713,
        -0.3584332186969355,
        0.0005645006081395061,
        0.0037269580428001443,
        0.007673839100688299,
        -0.5710521702909556,
        -0.0004981140084328246,
        -0.08400433947047213,
        0.0008583470240226648,
        1.0834156319159873e-05,
        -0.2692464310341091,
        0.00023419691845460132,
        -0.09557455590011908,
        -0.13943631688209035,
        0.0008962049651689005,
        0.000831041622309042,
        -0.0007818413584758605,
        0.0011019731098215377,
        0.0016322655018399185,
        0.0021429386731978035,
        0.006721868737385212,
        0.0
      ],
      [
        2.117783724456307,
        -0.014441517994579276,
        -0.004381795390102437,
        0.05811103873344388,
        0.11357232231506875,
        0.6266405254449017,
        0.00020356005726415228,
        -0.9138356425034406,
        1.0834156319159873e-05,
        0.005090740831667387,
        -1.9039201599188713,
        0.0007789152213527255,
        -0.10303508450051058,
        -0.13104037961576276,
        0.00011386248473950819,
        -0.0003349645298736181,
        -7.964403199614875e-06,
        4.2041985683432715e-05,
        0.0032885394452547285,
        0.0009045362846623562,
        0.11841195770313367,
        0.0
      ],
      [
        -5177.1031930759655,
        -3005.2013543462717,
        -5.412460720271101,
        -81.2089980980426,
        -167.17642061921111,
        -54.465007477877236,
        0.3818310142461699,
        4901.5652282670835,
        -0.2692464310341091,
        -1.9039201599188713,
        10799.760261384667,
        0.44960137836919845,
        309.30286456695376,
        89.81064532341622,
        1.2731582443871854,
        -4.505962484069599,
        3.048866916849783,
        -0.4344389187022399,
        -5.726585388298949,
        -4.673439926152943,
        -175.26176572379734,
        0.0
      ],
      [
        1.3755751922042367,
        -1.1238887091378935,
        -0.0007931647089734395,
        0.02307550333998943,
        0.049650123355541004,
        -9.964773351901997,
        0.0001758844688168155,
        2.8323133614880343,
        0.00023419691845460132,
        0.0007789152213527255,
        0.44960137836919845,
        0.03916416221200564,
        -0.32946596579620857,
        -1.8712626489498434,
        -0.001172420351432816,
        0.006457032148151079,
        -0.01175468270304188,
        0.0003651668400041393,
        -0.007843583759118374,
        0.016436717690295435,
        0.001974863090159035,
        0.0
      ],
      [
        -302.3165621298084,
        182.48648398458806,
        -0.09512550544488443,
        10.558416753082618,
        20.80484424342019,
        636.7146832427713,
        0.12213787871676036,
        12.849315191400136,
        -0.09557455590011908,
        -0.10303508450051058,
        309.30286456695376,
        -0.32946596579620857,
        403.10627493645563,
        -757.5162294128882,
        -0.5036474811855314,
        -0.7194049062366679,
        0.01013395989673816,
        -0.48562541706724355,
        -1.0219991122838563,
        -0.23165677736063345,
        20.82883914110702,
        0.0
      ],
      [
        -13.868572143323323,
        -600.4398119839396,
        -0.9223561124877666,
        -46.64387002679102,
        -93.63761760499168,
        -62.691605624190565,
        -0.007054635998536458,
        -37.569468268804286,
        -0.13943631688209035,
        -0.13104037961576276,
        89.81064532341622,
        -1.8712626489498434,
        -757.5162294128882,
        2922.9526970445277,
        1.3926335013923097,
        0.8185085442050383,
        -0.22545205451899464,
        1.3743980606051136,
        1.6810720266203059,
        -2.332703324228742,
        -84.41639658855689,
        0.0
      ],
      [
        -0.5779185231689632,
        -7.700376737121323,
        -0.002190576660682822,
        -0.03593227936131828,
        -0.06845585842958235,
        4.912630930134519,
        0.00022261216216349608,
        -1.6213671311322726,
        0.0008962049651689005,
        0.00011386248473950819,
        1.2731582443871854,
        -0.001172420351432816,
        -0.5036474811855314,
        1.3926335013923097,
        0.018965951268828586,
        -0.0053867793388436705,
        -0.002296990408094661,
        0.0032613665507418167,
        -0.002636937687560293,
        0.0005006994002880469,
        -0.058404399115877706,
        0.0
      ],
      [
        1.7500516505545332,
        10.835606669068689,
        0.0003227532661151751,
        -0.27473766388493226,
        -0.5497503310069468,
        -8.895859803377029,
        0.0012825573848596465,
        -3.0994874020632226,
        0.000831041622309042,
        -0.0003349645298736181,
        -4.505962484069599,
        0.006457032148151079,
        -0.7194049062366679,
        0.8185085442050383,
        -0.0053867793388436705,
        0.03330677764874215,
        -0.0066628686931101844,
        0.0004874756123050646,
        -0.01857212970113834,
        0.0011179251428758653,
        -0.6347597818273789,
        0.0
      ],
      [
        -1.4220421488386292,
        2.069541660302195,
        -0.002073643804316721,
        0.06554120102336422,
        0.12774857500551917,
        5.616563180610683,
        -0.00022004071517641328,
        0.5446269460782898,
        -0.0007818413584758605,
        -7.964403199614875e-06,
        3.048866916849783,
        -0.01175468270304188,
        0.01013395989673816,
        -0.22545205451899464,
        -0.002296990408094661,
        -0.0066628686931101844,
        0.0162362552981166,
        -0.0033619041170757412,
        0.001018646913380097,
        -0.015280410174013527,
        0.1686320330081431,
        0.0
      ],
      [
        0.06510737620562762,
        -3.368877129259235,
        0.0021671941264812065,
        -0.032990382574417,
        -0.06491890838207676,
        0.1701329285442974,
        -0.0013176344065312182,
        -0.4667017401875093,
        0.0011019731098215377,
        4.2041985683432715e-05,
        -0.4344389187022399,
        0.0003651668400041393,
        -0.48562541706724355,
        1.3743980606051136,
        0.0032613665507418167,
        0.0004874756123050646,
        -0.0033619041170757412,
        0.009292171818435734,
        0.01787461895558254,
        0.005992014452633165,
        -0.058283455370688374,
        0.0
      ],
      [
        0.4818777382003737,
        -11.470036394851476,
        0.021053274821963872,
        20.39846911045855,
        40.77637395611275,
        12.390205933256375,
        -0.016497171434734073,
        -0.5040093824271106,
        0.0016322655018399185,
        0.0032885394452547285,
        -5.726585388298949,
        -0.007843583759118374,
        -1.0219991122838563,
        1.6810720266203059,
        -0.002636937687560293,
        -0.01857212970113834,
        0.001018646913380097,
        0.01787461895558254,
        4.121438676100029,
        -0.01819493416130226,
        50.909332852901116,
        0.0
      ],
      [
        2.604805144156587,
        -6.278350940045291,
        0.006540302821723129,
        -0.12010942015387677,
        -0.23532893383793876,
        -10.760988697507551,
        -0.0019150669665824005,
        1.6073597403141617,
        0.0021429386731978035,
        0.0009045362846623562,
        -4.673439926152943,
        0.016436717690295435,
        -0.23165677736063345,
        -2.332703324228742,
        0.0005006994002880469,
        0.0011179251428758653,
        -0.015280410174013527,
        0.005992014452633165,
        -0.01819493416130226,
        0.03109142203403102,
        -0.37248145077771255,
        0.0
      ],
      [
        -47.32697255392169,
        -192.78752284609274,
        -0.12023079380591176,
        856.9411298554987,
        1713.3048404455753,
        673.5754253373813,
        -0.11210065443708989,
        -105.77517058369463,
        0.006721868737385212,
        0.11841195770313367,
        -175.26176572379734,
        0.001974863090159035,
        20.82883914110702,
        -84.41639658855689,
        -0.058404399115877706,
        -0.6347597818273789,
        0.1686320330081431,
        -0.058283455370688374,
        50.909332852901116,
        -0.37248145077771255,
        2076.683888043545,
        0.0
      ],
      [
        0.0,
        0.0,
        0.0,
        0.0,
        0.0,
        0.0,
        0.0,
        0.0,
        0.0,
        0.0,
        0.0,
        0.0,
        0.0,
        0.0,
        0.0,
        0.0,
        0.0,
        0.0,
        0.0,
        0.0,
        0.0,
        1000000.0
      ]
    ],
    [
      [
        5016.37415402543,
        1453.5867800844546,
        -1.3607433938746583,
        -938.7550370208642,
        -1869.6808482336207,
        -2486.1776132366494,
        -0.6565090985966123,
        418.2620263523196,
        0.055055612265610884,
        2.1133696968001274,
        -3713.9823253541426,
        -0.7377192399820903,
        -198.00497443470564,
        -0.47496112625344955,
        -1.1963291500288045,
        0.06378413194749515,
        -0.276351202044902,
        -0.021758614060787072,
        -4.2419248313552066e-07,
        0.30363922223329876,
        0.0,
        0.0
      ],
      [
        1453.5867800844546,
        17923.88052915949,
        -0.9655323567176455,
        414.00178252850753,
        825.624846874106,
        -2546.022137086305,
        1.0950658406317078,
        -4920.947161985544,
        -0.05392236643450343,
        0.5113519107533315,
        -3026.3891201101324,
        -0.07682805984125446,
        -586.0097856220764,
        419.7170391794175,
        -5.543164718957463,
        13.02496822649839,
        1.9524794964062095,
        -1.8622747088270644,
        -2.1228916761196425e-06,
        -6.6411834427255005,
        0.0,
        0.0
      ],
      [
        -1.3607433938746583,
        -0.9655323567176455,
        0.09313193029290369,
        -6.234696935893414,
        -12.424556731484701,
        4.117494355399896,
        -0.033399335350097654,
        -4.693291320015519,
        0.0005880256348849337,
        -0.007910991254298037,
        -6.171609069992952,
        0.0022115092671468398,
        -0.3347856047807519,
        -1.1000444175869304,
        -0.002255307224003739,
        0.004095282290690941,
        -0.0036460397938493684,
        0.004098205651430835,
        5.532478845657601e-10,
        0.007149392851958766,
        0.0,
        0.0
      ],
      [
        -938.7550370208642,
        414.00178252850753,
        -6.234696935893414,
        1936.2757738922967,
        3859.5484275675917,
        1173.2440294068963,
        1.4046991700752436,
        -855.2216079603336,
        0.025149883899129026,
        1.7814420743299193,
        -12.12348040484422,
        -1.264157601166932,
        46.68669873669156,
        -32.216023161296135,
        0.23687852728893896,
        -0.4931133775480465,
        0.8306386089135885,
        -0.059416371032110345,
        1.2089937752854146e-05,
        0.11501204265394756,
        0.0,
        0.0
      ],
      [
        -1869.6808482336207,
        825.624846874106,
        -12.424556731484701,
        3859.5484275675917,
        7693.179982611428,
        2341.164340577547,
        2.7993321330560375,
        -1707.822856287129,
        0.050350098459147924,
        3.552267929735026,
        -27.93471955422475,
        -2.5194908276223824,
        92.88582923127336,
        -64.74030043459788,
        0.4724660119375706,
        -0.9815706384369172,
        1.6546116330577625,
        -0.1178683185576931,
        2.417720963339955e-05,
        0.2315363385661492,
        0.0,
        0.0
      ],
      [
        -2486.1776132366494,
        -2546.022137086305,
        4.117494355399896,
        1173.2440294068963,
        2341.164340577547,
        35778.19647741791,
        -3.5800181394399977,
        -18645.55739418279,
        -0.03813138515536048,
        -0.18851195169038198,
        1329.2685801502498,
        -10.96687300647629,
        183.67080246767605,
        148.59691029721614,
        7.636946174804134,
        -0.9251063482660069,
        5.622215912747874,
        -0.6872741698714694,
        -8.487241673824145e-07,
        -12.063219867174178,
        0.0,
        0.0
      ],
      [
        -0.6565090985966123,
        1.0950658406317078,
        -0.033399335350097654,
        1.4046991700752436,
        2.7993321330560375,
        -3.5800181394399977,
        0.019375856951925046,
        1.625432881760147,
        -0.0002666314364751224,
        0.0001925874473280598,
        0.4814951892067386,
        0.0026276193040173836,
        0.05027066311586346,
        0.16830171097474866,
        -3.965824838087665e-05,
        0.0007322781718713536,
        -0.001048916819872794,
        -0.0013792916345642399,
        -2.7536776822088236e-09,
        -0.0006847506445028766,
        0.0,
        0.0
      ],
      [
        418.2620263523196,
        -4920.947161985544,
        -4.693291320015519,
        -855.2216079603336,
        -1707.822856287129,
        -18645.55739418279,
        1.625432881760147,
        14748.385763316399,
        -0.3520132463154481,
        -0.6935590066868815,
        3320.807082088386,
        2.606781054435217,
        662.5150894020175,
        -919.1080386493882,
        -4.24516279271462,
        -8.560688479754058,
        0.5594068640164779,
        -0.7765103445963375,
        -5.988870588639759e-07,
        3.794737269942557,
        0.0,
        0.0
      ],
      [
        0.055055612265610884,
        -0.05392236643450343,
        0.0005880256348849337,
        0.025149883899129026,
        0.050350098459147924,
        -0.03813138515536048,
        -0.0002666314364751224,
        -0.3520132463154481,
        0.0005791425205511444,
        -4.591841428580573e-05,
        -0.28244194188839805,
        0.0004260375671837158,
        -0.08796584066122821,
        -0.012148964242395702,
        0.000612059131065373,
        0.0007253764369110038,
        -0.000599082874920489,
        0.0011771223678472137,
        4.617183455069598e-09,
        0.0014758144880756864,
        0.0,
        0.0
      ],
      [
        2.1133696968001274,
        0.5113519107533315,
        -0.007910991254298037,
        1.7814420743299193,
        3.552267929735026,
        -0.18851195169038198,
        0.0001925874473280598,
        -0.6935590066868815,
        -4.591841428580573e-05,
        0.010874450733772741,
        -2.7669538890463654,
        -0.00044373694803321744,
        -0.2501805224546241,
        -0.4918147097040758,
        0.000490020406450757,
        -0.0036113179725729945,
        0.0011611745312866007,
        -0.000904782862333167,
        -7.429845683976199e-10,
        0.0014059017857493332,
        0.0,
        0.0
      ],
      [
        -3713.9823253541426,
        -3026.3891201101324,
        -6.171609069992952,
        -12.12348040484422,
        -27.93471955422475,
        1329.2685801502498,
        0.4814951892067386,
        3320.807082088386,
        -0.28244194188839805,
        -2.7669538890463654,
        10132.66959950271,
        1.339574041595863,
        577.7056102994475,
        -367.15206146548263,
        1.2270783003727888,
        -2.6942196879975033,
        2.5341629877908805,
        -0.8819002248268354,
        1.517732949780179e-07,
        -3.8720574026307695,
        0.0,
        0.0
      ],
      [
        -0.7377192399820903,
        -0.07682805984125446,
        0.0022115092671468398,
        -1.264157601166932,
        -2.5194908276223824,
        -10.96687300647629,
        0.0026276193040173836,
        2.606781054435217,
        0.0004260375671837158,
        -0.00044373694803321744,
        1.339574041595863,
        0.0541892948257786,
        -0.7448846837652718,
        -1.8495640062330732,
        -0.0012341350772154954,
        0.007296414941737212,
        -0.014054830116268548,
        0.004248915707385374,
        -5.229721802492697e-09,
        0.018249881497909393,
        0.0,
        0.0
      ],
      [
        -198.00497443470564,
        -586.0097856220764,
        -0.3347856047807519,
        46.68669873669156,
        92.88582923127336,
        183.67080246767605,
        0.05027066311586346,
        662.5150894020175,
        -0.08796584066122821,
        -0.2501805224546241,
        577.7056102994475,
        -0.7448846837652718,
        471.6306484278861,
        -850.349769376858,
        -0.8671933569271549,
        -1.493534291616556,
        0.25465669815292213,
        -0.32284263011494524,
        -8.365936965286389e-07,
        0.0804375339177126,
        0.0,
        0.0
      ],
      [
        -0.47496112625344955,
        419.7170391794175,
        -1.1000444175869304,
        -32.216023161296135,
        -64.74030043459788,
        148.59691029721614,
        0.16830171097474866,
        -919.1080386493882,
        -0.012148964242395702,
        -0.4918147097040758,
        -367.15206146548263,
        -1.8495640062330732,
        -850.349769376858,
        3492.976862212975,
        2.896222298914328,
        2.450283152793786,
        -1.5774852251852294,
        0.8390466621415335,
        5.68495714749467e-07,
        -2.4327934585061404,
        0.0,
        0.0
      ],
      [
        -1.1963291500288045,
        -5.543164718957463,
        -0.002255307224003739,
        0.23687852728893896,
        0.4724660119375706,
        7.636946174804134,
        -3.965824838087665e-05,
        -4.24516279271462,
        0.000612059131065373,
        0.000490020406450757,
        1.2270783003727888,
        -0.0012341350772154954,
        -0.8671933569271549,
        2.896222298914328,
        0.025790372247377617,
        -0.00600194067102538,
        -0.0016287110838464661,
        0.003959916529810649,
        3.482839883684904e-09,
        -0.0033725450333500565,
        0.0,
        0.0
      ],
      [
        0.06378413194749515,
        13.02496822649839,
        0.004095282290690941,
        -0.4931133775480465,
        -0.9815706384369172,
        -0.9251063482660069,
        0.0007322781718713536,
        -8.560688479754058,
        0.0007253764369110038,
        -0.0036113179725729945,
        -2.6942196879975033,
        0.007296414941737212,
        -1.493534291616556,
        2.450283152793786,
        -0.00600194067102538,
        0.044586694264274904,
        -0.007014224011092063,
        0.0010105806190693844,
        4.396090001457546e-09,
        -0.004839699535416291,
        0.0,
        0.0
      ],
      [
        -0.276351202044902,
        1.9524794964062095,
        -0.0036460397938493684,
        0.8306386089135885,
        1.6546116330577625,
        5.622215912747874,
        -0.001048916819872794,
        0.5594068640164779,
        -0.000599082874920489,
        0.0011611745312866007,
        2.5341629877908805,
        -0.014054830116268548,
        0.25465669815292213,
        -1.5774852251852294,
        -0.0016287110838464661,
        -0.007014224011092063,
        0.01855516177280528,
        -0.004492895092331438,
        7.032189566438233e-10,
        -0.013254593721447019,
        0.0,
        0.0
      ],
      [
        -0.021758614060787072,
        -1.8622747088270644,
        0.004098205651430835,
        -0.059416371032110345,
        -0.1178683185576931,
        -0.6872741698714694,
        -0.0013792916345642399,
        -0.7765103445963375,
        0.0011771223678472137,
        -0.000904782862333167,
        -0.8819002248268354,
        0.004248915707385374,
        -0.32284263011494524,
