{
  "q_values": [
    80.91210873447477,
    27.587644107740026,
    12.654637593514146
  ],
  "weights": [
    [
      -0.014474555112200523,
      -0.08719346880684084,
      -0.3989411964419004,
      0.3184956366766864,
      -0.1592478184194762,
      -0.007865205873001314,
      0.08909289266166315,
      0.19397905861737605,
      -0.3181657242190292,
      0.18886300379538543,
      -0.11621478903427075,
      0.4936560720910121,
      -0.49208039844506235,
      -0.2313682034634646,
      0.8088009968709303,
      0.20791887280851595,
      0.42118176825075226,
      1.1894608157355189,
      1.2721802043402382,
      0.5018547593462809,
      0.01949142873996834,
      0.0
    ],
    [
      -10.0,
      10.0,
      -0.2724193581424567,
      10.0,
      10.0,
      10.0,
      0.1729406069585577,
      10.0,
      -0.41195003966765176,
      -0.19812649051178466,
      10.0,
      0.4854688155685631,
      10.0,
      -10.0,
      0.7191879176264828,
      0.35308176843077527,
      -0.27972623252658674,
      1.8666474418638768,
      -5.325463774033526,
      -0.5386631353449933,
      -10.0,
      0.0
    ],
    [
      -0.24424673076483983,
      -0.17983780887080547,
      0.0699161217517903,
      -0.040490568761569534,
      0.020245284361180893,
      0.19557551222352265,
      0.20057808548909895,
      0.29048536316616125,
      -0.3971426057108536,
      -0.05859184777858406,
      -0.5618628440485006,
      1.1654769437175023,
      0.019380884029590817,
      -0.19884609112510532,
      0.8024856253591501,
      -0.4418724142141328,
      0.2231326726730698,
      1.427526632174395,
      3.459162385953294e-11,
      0.46576246817524236,
      0.0,
      0.0
    ]
  ],
  "cov_inv_matrices": [
    [
      [
        15.317883205471734,
        -0.0005540867309228406,
        -0.02518418258053843,
        -0.0026040290801700944,
        0.0013020145400344345,
        -0.000723495929643605,
        1.3748859092387992e-05,
        -0.0014474968426443557,
        8.304385785398903e-05,
        0.0035098784240858347,
        -0.0025566784930012762,
        0.0009341585309732574,
        -0.003321438957006473,
        -0.0018219487332541862,
        -0.0006391670635182569,
        -0.0010516203813361867,
        -0.0006927643181851834,
        -0.00014621857350138905,
        -0.004210085856158487,
        0.0016836023552506251,
        -0.010891861512648102,
        0.0
      ],
      [
        -0.0005540867309228406,
        15.320647690563646,
        0.0006017982810267994,
        0.001328828945825577,
        -0.0006644144729924752,
        -0.0017467539678356246,
        -0.0009668849166935172,
        -0.003681468004661732,
        0.0003657330875078966,
        0.0005743190600019448,
        0.0015043715665674347,
        -0.010555235872443806,
        -0.000962241987637653,
        -0.002200646454160711,
        -0.009219175128940885,
        -0.001633737882663825,
        0.004030452463550371,
        0.003951197028630518,
        -0.0035894510803829503,
        -0.010551703226241207,
        -0.036098954505460454,
        0.0
      ],
      [
        -0.02518418258053843,
        0.0006017982810267994,
        0.12999018157710607,
        -0.01911178822820605,
        0.00955589411386126,
        -0.0012343802933798128,
        -0.04738339561088007,
        -0.00482437268483928,
        -0.0012187561204782924,
        -0.00715277947162901,
        -0.01627789828969551,
        0.02016419919298814,
        -0.02561643391791786,
        -0.010289431807609115,
        -0.012474060790029946,
        -0.008473176956356828,
        -0.002223179131176361,
        0.004066886119408671,
        -0.04566876869926478,
        0.007776490194634674,
        -0.028044948061396888,
        0.0
      ],
      [
        -0.0026040290801700944,
        0.001328828945825577,
        -0.01911178822820605,
        3.086483924139266,
        6.119777372169149,
        -0.0028067238864657507,
        -0.00460095075726406,
        -0.0026899035518420564,
        -0.0003451880568654122,
        0.007247062306829776,
        0.0003595361803548047,
        -0.008912838890207705,
        0.0033381082299010424,
        0.002903398551541853,
        0.006253192787879504,
        -0.0011788018494191179,
        0.0010973770800271536,
        -0.00028315939391523903,
        0.013407837370026328,
        -0.005856878810443698,
        0.038275707829709876,
        0.0
      ],
      [
        0.0013020145400344345,
        -0.0006644144729924752,
        0.00955589411386126,
        6.119777372169149,
        12.266149982392317,
        0.0014033619432738966,
        0.0023004753787323386,
        0.0013449517756169008,
        0.00017259402844277213,
        -0.003623531153488916,
        -0.0001797680901805798,
        0.004456419444946328,
        -0.001669054114468711,
        -0.0014516992756224256,
        -0.003126596393771051,
        0.0005894009247834719,
        -0.0005486885399974945,
        0.00014157969705319709,
        -0.006703918684863317,
        0.002928439404887445,
        -0.019137853913999865,
        0.0
      ],
      [
        -0.000723495929643605,
        -0.0017467539678356246,
        -0.0012343802933798128,
        -0.0028067238864657507,
        0.0014033619432738966,
        15.31212251516103,
        0.002163705731924367,
        -0.020369514400179603,
        -0.001142642662988532,
        -0.002010441714200819,
        0.006017066488329698,
        -0.019477922755227608,
        0.010879359407728648,
        0.0056480480064925185,
        -0.0019752247887065235,
        -0.01717712312212638,
        0.008389349614595391,
        0.007273623081026544,
        -0.00983528462654071,
        -0.03001438331064627,
        0.008573653432891359,
        0.0
      ],
      [
        1.3748859092387992e-05,
        -0.0009668849166935172,
        -0.04738339561088007,
        -0.00460095075726406,
        0.0023004753787323386,
        0.002163705731924367,
        0.03409292681156989,
        0.0034261808642001928,
        0.00022550135586912816,
        -0.00469939122840057,
        0.0002743183801079044,
        0.001252472608566316,
        0.00131445267685616,
        -0.00038698073789580195,
        0.0009075811432864146,
        0.005307136526136402,
        -3.531203600754005e-05,
        0.000492280835251355,
        0.02064706988486783,
        -0.005475267212151997,
        -0.024327343280736546,
        0.0
      ],
      [
        -0.0014474968426443557,
        -0.003681468004661732,
        -0.00482437268483928,
        -0.0026899035518420564,
        0.0013449517756169008,
        -0.020369514400179603,
        0.0034261808642001928,
        15.289851069338436,
        -0.0014740941764336004,
        -0.0027407931270824097,
        0.013111964517669515,
        -0.023237141076552236,
        0.016576524785777366,
        0.008580115544673278,
        -0.010814283615691873,
        -0.03152141530200672,
        0.011283427675035665,
        0.00981813840916369,
        -0.017295497362757734,
        -0.03437769841277643,
        0.007628554717598162,
        0.0
      ],
      [
        8.304385785398903e-05,
        0.0003657330875078966,
        -0.0012187561204782924,
        -0.0003451880568654122,
        0.00017259402844277213,
        -0.001142642662988532,
        0.00022550135586912816,
        -0.0014740941764336004,
        0.0015798049515044013,
        -0.0006999264340088679,
        -3.409585109952176e-05,
        -0.0038065631224064585,
        -0.00399968079999761,
        -0.0018479112413190943,
        -0.0008842269338193893,
        0.0022682440402982448,
        0.0005453793162848921,
        -0.0054938757769215875,
        0.003773182045873613,
        0.008814626944626886,
        0.014562491262643473,
        0.0
      ],
      [
        0.0035098784240858347,
        0.0005743190600019448,
        -0.00715277947162901,
        0.007247062306829776,
        -0.003623531153488916,
        -0.002010441714200819,
        -0.00469939122840057,
        -0.0027407931270824097,
        -0.0006999264340088679,
        0.018679864001074006,
        -0.002566342430695319,
        -0.0029934436339576456,
        0.0030494896998548003,
        0.0024664145187965154,
        0.00040009567718115696,
        -0.003986099656144668,
        0.000876344611687341,
        0.0024226783161318812,
        -0.009865656029113785,
        -0.00021035796249270814,
        0.016225754789230266,
        0.0
      ],
      [
        -0.0025566784930012762,
        0.0015043715665674347,
        -0.01627789828969551,
        0.0003595361803548047,
        -0.0001797680901805798,
        0.006017066488329698,
        0.0002743183801079044,
        0.013111964517669515,
        -3.409585109952176e-05,
        -0.002566342430695319,
        15.309769674980773,
        0.013013823643717636,
        -0.007284329892331115,
        -0.004442844122234661,
        0.004251207973013524,
        0.01051762637965125,
        -0.0012075394854715463,
        -0.0017885375328189179,
        0.00612074264595894,
        -0.0001501451918413371,
        -0.007905784028377558,
        0.0
      ],
      [
        0.0009341585309732574,
        -0.010555235872443806,
        0.02016419919298814,
        -0.008912838890207705,
        0.004456419444946328,
        -0.019477922755227608,
        0.001252472608566316,
        -0.023237141076552236,
        -0.0038065631224064585,
        -0.0029934436339576456,
        0.013013823643717636,
        0.23903097600133005,
        0.016954794579938846,
        0.001046001044545089,
        -0.00031070821172159537,
        0.00618007880922573,
        -0.03207363133836164,
        0.033492539913491715,
        -0.0046731939851496936,
        -0.023121490150493158,
        0.06203486156516277,
        0.0
      ],
      [
        -0.003321438957006473,
        -0.000962241987637653,
        -0.02561643391791786,
        0.0033381082299010424,
        -0.001669054114468711,
        0.010879359407728648,
        0.00131445267685616,
        0.016576524785777366,
        -0.00399968079999761,
        0.0030494896998548003,
        -0.007284329892331115,
        0.016954794579938846,
        15.217699294246902,
        -0.0546913010656148,
        -0.006618770883750879,
        -0.00213129803548928,
        0.005987197870944274,
        0.03975327910148195,
        -0.023374831022486886,
        -0.03860371556154592,
        -0.08942725653750308,
        0.0
      ],
      [
        -0.0018219487332541862,
        -0.002200646454160711,
        -0.010289431807609115,
        0.002903398551541853,
        -0.0014516992756224256,
        0.0056480480064925185,
        -0.00038698073789580195,
        0.008580115544673278,
        -0.0018479112413190943,
        0.0024664145187965154,
        -0.004442844122234661,
        0.001046001044545089,
        -0.0546913010656148,
        15.290336082918065,
        -0.0015323118443089628,
        -0.004890397743729289,
        0.007951035224851296,
        0.015563851526684788,
        -0.009694949726991166,
        -0.020637067943863933,
        -0.06651362411594502,
        0.0
      ],
      [
        -0.0006391670635182569,
        -0.009219175128940885,
        -0.012474060790029946,
        0.006253192787879504,
        -0.003126596393771051,
        -0.0019752247887065235,
        0.0009075811432864146,
        -0.010814283615691873,
        -0.0008842269338193893,
        0.00040009567718115696,
        0.004251207973013524,
        -0.00031070821172159537,
        -0.006618770883750879,
        -0.0015323118443089628,
        0.038587860633451904,
        -0.00040727792879560504,
        0.00013061614064794388,
        0.0014894163843828263,
        -0.025115029354429826,
        -0.023794996533925604,
        0.015843454941468587,
        0.0
      ],
      [
        -0.0010516203813361867,
        -0.001633737882663825,
        -0.008473176956356828,
        -0.0011788018494191179,
        0.0005894009247834719,
        -0.01717712312212638,
        0.005307136526136402,
        -0.03152141530200672,
        0.0022682440402982448,
        -0.003986099656144668,
        0.01051762637965125,
        0.00618007880922573,
        -0.00213129803548928,
        -0.004890397743729289,
        -0.00040727792879560504,
        0.060208175343697865,
        -0.0031692847752064954,
        -0.003191935144119668,
        0.023676985081597397,
        -0.013488547301877332,
        -0.05876650383003108,
        0.0
      ],
      [
        -0.0006927643181851834,
        0.004030452463550371,
        -0.002223179131176361,
        0.0010973770800271536,
        -0.0005486885399974945,
        0.008389349614595391,
        -3.531203600754005e-05,
        0.011283427675035665,
        0.0005453793162848921,
        0.000876344611687341,
        -0.0012075394854715463,
        -0.03207363133836164,
        0.005987197870944274,
        0.007951035224851296,
        0.00013061614064794388,
        -0.0031692847752064954,
        0.024897969305088252,
        -0.00882312580227606,
        0.001663789560108145,
        0.0061864530556503435,
        -0.01094213691437776,
        0.0
      ],
      [
        -0.00014621857350138905,
        0.003951197028630518,
        0.004066886119408671,
        -0.00028315939391523903,
        0.00014157969705319709,
        0.007273623081026544,
        0.000492280835251355,
        0.00981813840916369,
        -0.0054938757769215875,
        0.0024226783161318812,
        -0.0017885375328189179,
        0.033492539913491715,
        0.03975327910148195,
        0.015563851526684788,
        0.0014894163843828263,
        -0.003191935144119668,
        -0.00882312580227606,
        0.038771929084918895,
        0.00030874842453517445,
        -0.041601538657315994,
        0.02098903641962339,
        0.0
      ],
      [
        -0.004210085856158487,
        -0.0035894510803829503,
        -0.04566876869926478,
        0.013407837370026328,
        -0.006703918684863317,
        -0.00983528462654071,
        0.02064706988486783,
        -0.017295497362757734,
        0.003773182045873613,
        -0.009865656029113785,
        0.00612074264595894,
        -0.0046731939851496936,
        -0.023374831022486886,
        -0.009694949726991166,
        -0.025115029354429826,
        0.023676985081597397,
        0.001663789560108145,
        0.00030874842453517445,
        13.996081080729269,
        -1.4591252603560159,
        0.00943030713570472,
        0.0
      ],
      [
        0.0016836023552506251,
        -0.010551703226241207,
        0.007776490194634674,
        -0.005856878810443698,
        0.002928439404887445,
        -0.03001438331064627,
        -0.005475267212151997,
        -0.03437769841277643,
        0.008814626944626886,
        -0.00021035796249270814,
        -0.0001501451918413371,
        -0.023121490150493158,
        -0.03860371556154592,
        -0.020637067943863933,
        -0.023794996533925604,
        -0.013488547301877332,
        0.0061864530556503435,
        -0.041601538657315994,
        -1.4591252603560159,
        0.24132732870506463,
        0.13970777419056354,
        0.0
      ],
      [
        -0.010891861512648102,
        -0.036098954505460454,
        -0.028044948061396888,
        0.038275707829709876,
        -0.019137853913999865,
        0.008573653432891359,
        -0.024327343280736546,
        0.007628554717598162,
        0.014562491262643473,
        0.016225754789230266,
        -0.007905784028377558,
        0.06203486156516277,
        -0.08942725653750308,
        -0.06651362411594502,
        0.015843454941468587,
        -0.05876650383003108,
        -0.01094213691437776,
        0.02098903641962339,
        0.00943030713570472,
        0.13970777419056354,
        14.593526379134376,
        0.0
      ],
      [
        0.0,
        0.0,
        0.0,
        0.0,
        0.0,
        0.0,
        0.0,
        0.0,
        0.0,
        0.0,
        0.0,
        0.0,
        0.0,
        0.0,
        0.0,
        0.0,
        0.0,
        0.0,
        0.0,
        0.0,
        0.0,
        15.326038668476743
      ]
    ],
    [
      [
        30846.809205163845,
        388.20412842726574,
        -40.80276243529285,
        371.8504185547766,
        759.1428983545035,
        -4059.9221664743677,
        -2.689071177886799,
        -2363.055101148464,
        1.5063749757036995,
        9.428632594288546,
        -5979.853162987005,
        7.577595138785396,
        18.956242857946812,
        -2192.059400718619,
        2.592034184170186,
        3.7100868822409407,
        -5.588444404321899,
        -5.693310450441926,
        29.946391938189237,
        18.696089575612355,
        -512.0901230443733,
        0.0
      ],
      [
        388.20412842726574,
        61272.987970501825,
        6.410413623239348,
        -7859.904953104129,
        -15717.819084251398,
        1060.2425773762502,
        -0.9249139422797457,
        -9327.126218742991,
        0.189547803217038,
        0.22373744833876907,
        -652.4560686604555,
        -28.25395436212165,
        3613.981384280361,
        -7895.745748784902,
        -26.70956463173119,
        23.341847388625567,
        10.187786329828256,
        16.104405555110194,
        -119.77874143321492,
        -38.77265214241767,
        -2845.465137827596,
        0.0
      ],
      [
        -40.80276243529285,
        6.410413623239348,
        0.21998732372968494,
        -18.00746732055248,
        -35.95658677487787,
        20.811249552311608,
        -0.04242148834538296,
        -14.832674412683566,
        0.0005230428342417525,
        -0.019316705368693954,
        -8.786996336400104,
        -0.023204631116268245,
        -6.671811477289284,
        8.524769415549942,
        -0.002235265668579742,
        0.0065614525996915436,
        0.0075455287029921785,
        -0.007440945471442539,
        -0.08447706422492637,
        -0.009582734567422962,
        -2.2087470473444877,
        0.0
      ],
      [
        371.8504185547766,
        -7859.904953104129,
        -18.00746732055248,
        26004.03781443622,
        51971.23324720603,
        12449.284143625722,
        -1.0672065430413116,
        -3955.798082892162,
        -0.31279132729929965,
        5.230679592790924,
        305.4181615883816,
        -2.4368095286188085,
        2819.360881352439,
        -4029.3134573945295,
        4.284040667847133,
        -8.898631523357466,
        -0.33072093254835466,
        4.280516170607529,
        15.536337371400558,
        -4.051657074452766,
        1428.6872388841916,
        0.0
      ],
      [
        759.1428983545035,
        -15717.819084251398,
        -35.95658677487787,
        51971.23324720603,
        103868.97869235031,
        24921.34791065936,
        -2.128129736643436,
        -7926.588792244607,
        -0.625422592348923,
        10.437574257838492,
        607.3152710641871,
        -4.870555391261247,
        5639.236424673509,
        -8061.936079919346,
        8.571631234963537,
        -17.786239125677174,
        -0.6575465304143727,
        8.560326813353637,
        31.125969775444126,
        -8.116195789309241,
        2853.555986479223,
        0.0
      ],
      [
        -4059.9221664743677,
        1060.2425773762502,
        20.811249552311608,
        12449.284143625722,
        24921.34791065936,
        81170.14732555691,
        0.4352126130861207,
        -45155.81780443847,
        -2.094321883312524,
        -3.6660551192296253,
        -3150.293273740618,
        -30.004123068693474,
        1102.8501060924268,
        -200.65323167416233,
        15.140758570462564,
        -5.518989117313455,
        12.913848567489529,
        16.049179473828406,
        41.006380578630534,
        -53.465378812685,
        1169.7631463203302,
        0.0
      ],
      [
        -2.689071177886799,
        -0.9249139422797457,
        -0.04242148834538296,
        -1.0672065430413116,
        -2.128129736643436,
        0.4352126130861207,
        0.03191755341397229,
        0.9774288580580013,
        -0.0013043731057114615,
        -0.0053648721522960435,
        1.3584480054366983,
        0.007968109161596314,
        2.000397545391219,
        -2.610784466157357,
        -0.0005852073168655291,
        -0.0008541014509055625,
        0.0002574980777008026,
        0.006304214078704486,
        0.0018961022415978765,
        -0.009055782715316716,
        -0.06044438253063418,
        0.0
      ],
      [
        -2363.055101148464,
        -9327.126218742991,
        -14.832674412683566,
        -3955.798082892162,
        -7926.588792244607,
        -45155.81780443847,
        0.9774288580580013,
        35885.99843300241,
        -0.030488848699144595,
        -1.8836451316282945,
        7876.453447526841,
        8.773990246365823,
        237.48659512140583,
        478.02768372623495,
        -11.428033895706452,
        -16.688299581602507,
        -1.2207279186997249,
        -0.5362758543694699,
        -9.637979876975626,
        13.700379083134752,
        359.9559141142705,
        0.0
      ],
      [
        1.5063749757036995,
        0.189547803217038,
        0.0005230428342417525,
        -0.31279132729929965,
        -0.625422592348923,
        -2.094321883312524,
        -0.0013043731057114615,
        -0.030488848699144595,
        0.002280716636731702,
        0.00015929084032738502,
        -0.8285648969682813,
        -0.0010844994386914446,
        -0.27926149939267775,
        -1.012595501678788,
        -0.0014704265478712821,
        0.003089853987275228,
        -0.0010840838592841788,
        -0.008068480812214366,
        0.05960482706924723,
        0.016859266677283317,
        0.45123699596491906,
        0.0
      ],
      [
        9.428632594288546,
        0.22373744833876907,
        -0.019316705368693954,
        5.230679592790924,
        10.437574257838492,
        -3.6660551192296253,
        -0.0053648721522960435,
        -1.8836451316282945,
        0.00015929084032738502,
        0.026786185397504412,
        -5.70958717490943,
        0.001865985968471741,
        -1.0165296592210005,
        0.9744590469326438,
        -0.0009588110914554172,
        0.001269221064712041,
        -0.003785042448270188,
        -0.0017009887990966318,
        0.012047059475258108,
        0.011410656839040672,
        0.6625518165363198,
        0.0
      ],
      [
        -5979.853162987005,
        -652.4560686604555,
        -8.786996336400104,
        305.4181615883816,
        607.3152710641871,
        -3150.293273740618,
        1.3584480054366983,
        7876.453447526841,
        -0.8285648969682813,
        -5.70958717490943,
        13499.342727746152,
        2.7399716614125484,
        422.8851724517451,
        -182.14365542941883,
        -1.268667113103855,
        -4.090644287375313,
        2.8054460718523178,
        3.9879477009429425,
        -8.03761230756794,
        -11.581305020361881,
        159.98401991931746,
        0.0
      ],
      [
        7.577595138785396,
        -28.25395436212165,
        -0.023204631116268245,
        -2.4368095286188085,
        -4.870555391261247,
        -30.004123068693474,
        0.007968109161596314,
        8.773990246365823,
        -0.0010844994386914446,
        0.001865985968471741,
        2.7399716614125484,
        0.2819744957344734,
        7.450410358882001,
        -15.112308851686866,
        0.021312358078242645,
        0.021983364588842938,
        -0.05795671170496253,
        0.012453584541788286,
        -0.03490516124119769,
        0.048262970114924544,
        1.0405065410859209,
        0.0
      ],
      [
        18.956242857946812,
        3613.981384280361,
        -6.671811477289284,
        2819.360881352439,
        5639.236424673509,
        1102.8501060924268,
        2.000397545391219,
        237.48659512140583,
        -0.27926149939267775,
        -1.0165296592210005,
        422.8851724517451,
        7.450410358882001,
        13593.278546942423,
        -20039.505236513414,
        -5.747538563215952,
        1.5596123964518478,
        -3.0118665014022477,
        13.092626607660604,
        -7.501086854871353,
        -6.93156768178632,
        298.89537459611677,
        0.0
      ],
      [
        -2192.059400718619,
        -7895.745748784902,
        8.524769415549942,
        -4029.3134573945295,
        -8061.936079919346,
        -200.65323167416233,
        -2.610784466157357,
        478.02768372623495,
        -1.012595501678788,
        0.9744590469326438,
        -182.14365542941883,
        -15.112308851686866,
        -20039.505236513414,
        34545.71539180714,
        8.531093683924134,
        -7.202079250621037,
        8.867666062422387,
        -12.701447623710425,
        -11.001905817215572,
        -2.4148862096254406,
        -592.2599482025453,
        0.0
      ],
      [
        2.592034184170186,
        -26.70956463173119,
        -0.002235265668579742,
        4.284040667847133,
        8.571631234963537,
        15.140758570462564,
        -0.0005852073168655291,
        -11.428033895706452,
        -0.0014704265478712821,
        -0.0009588110914554172,
        -1.268667113103855,
        0.021312358078242645,
        -5.747538563215952,
        8.531093683924134,
        0.06901772126539751,
        0.0028141362023466976,
        -0.009187526859907768,
        -0.010311876389309336,
        -0.10005450985257898,
        -0.01146881647481001,
        -0.7412660867794757,
        0.0
      ],
      [
        3.7100868822409407,
        23.341847388625567,
        0.0065614525996915436,
        -8.898631523357466,
        -17.786239125677174,
        -5.518989117313455,
        -0.0008541014509055625,
        -16.688299581602507,
        0.003089853987275228,
        0.001269221064712041,
        -4.090644287375313,
        0.021983364588842938,
        1.5596123964518478,
        -7.202079250621037,
        0.0028141362023466976,
        0.10351310904153238,
        -0.011955579974091596,
        -0.015725276443098037,
        -0.10712261247836369,
        0.0072490710103063965,
        -3.7101691050195313,
        0.0
      ],
      [
        -5.588444404321899,
        10.187786329828256,
        0.0075455287029921785,
        -0.33072093254835466,
        -0.6575465304143727,
        12.913848567489529,
        0.0002574980777008026,
        -1.2207279186997249,
        -0.0010840838592841788,
        -0.003785042448270188,
        2.8054460718523178,
        -0.05795671170496253,
        -3.0118665014022477,
        8.867666062422387,
        -0.009187526859907768,
        -0.011955579974091596,
        0.04076662282088149,
        0.003367813785228762,
        0.022983584891845606,
        -0.0265719441090567,
        -0.03512137677488508,
        0.0
      ],
      [
        -5.693310450441926,
        16.104405555110194,
        -0.007440945471442539,
        4.280516170607529,
        8.560326813353637,
        16.049179473828406,
        0.006304214078704486,
        -0.5362758543694699,
        -0.008068480812214366,
        -0.0017009887990966318,
        3.9879477009429425,
        0.012453584541788286,
        13.092626607660604,
        -12.701447623710425,
        -0.010311876389309336,
        -0.015725276443098037,
        0.003367813785228762,
        0.07059000962998062,
        -0.24596408382091842,
        -0.0925913203991678,
        -0.31711612191028243,
        0.0
      ],
      [
        29.946391938189237,
        -119.77874143321492,
        -0.08447706422492637,
        15.536337371400558,
        31.125969775444126,
        41.006380578630534,
        0.0018961022415978765,
        -9.637979876975626,
        0.05960482706924723,
        0.012047059475258108,
        -8.03761230756794,
        -0.03490516124119769,
        -7.501086854871353,
        -11.001905817215572,
        -0.10005450985257898,
        -0.10712261247836369,
        0.022983584891845606,
        -0.24596408382091842,
        14.761947339948156,
        0.4531331961547703,
        179.5498669311501,
        0.0
      ],
      [
        18.696089575612355,
        -38.77265214241767,
        -0.009582734567422962,
        -4.051657074452766,
        -8.116195789309241,
        -53.465378812685,
        -0.009055782715316716,
        13.700379083134752,
        0.016859266677283317,
        0.011410656839040672,
        -11.581305020361881,
        0.048262970114924544,
        -6.93156768178632,
        -2.4148862096254406,
        -0.01146881647481001,
        0.0072490710103063965,
        -0.0265719441090567,
        -0.0925913203991678,
        0.4531331961547703,
        0.22539450414343054,
        4.435174984395888,
        0.0
      ],
      [
        -512.0901230443733,
        -2845.465137827596,
        -2.2087470473444877,
        1428.6872388841916,
        2853.555986479223,
        1169.7631463203302,
        -0.06044438253063418,
        359.9559141142705,
        0.45123699596491906,
        0.6625518165363198,
        159.98401991931746,
        1.0405065410859209,
        298.89537459611677,
        -592.2599482025453,
        -0.7412660867794757,
        -3.7101691050195313,
        -0.03512137677488508,
        -0.31711612191028243,
        179.5498669311501,
        4.435174984395888,
        7042.404040726533,
        0.0
      ],
      [
        0.0,
        0.0,
        0.0,
        0.0,
        0.0,
        0.0,
        0.0,
        0.0,
        0.0,
        0.0,
        0.0,
        0.0,
        0.0,
        0.0,
        0.0,
        0.0,
        0.0,
        0.0,
        0.0,
        0.0,
        0.0,
        1000000.0
      ]
    ],
    [
      [
        15.393358055506699,
        -0.0007471982435904453,
        -0.02432151707185692,
        -0.0027422866150258905,
        0.0013711433074672136,
        0.0004741503359553229,
        -0.0015977807262630129,
        0.0009778343074943736,
        -0.0001331370597482172,
        0.004229404483006597,
        -0.006026372115312031,
        -0.0026244935110985136,
        -0.00677416359215083,
        -0.003942190663611187,
        0.0007650302488766266,
        -0.0036735972638284767,
        -0.0003612222601543223,
        0.00018373233947789857,
        2.1638015212965717e-15,
        -0.000524455769729703,
        0.0,
        0.0
      ],
      [
        -0.0007471982435904453,
        15.398455266685469,
        0.0013517803841494745,
        0.00011612637552171434,
        -5.8063187528006805e-05,
        -0.00416869990450448,
        -5.198490557384718e-07,
        -0.007363690917093225,
        -0.00039729649433663293,
        -0.0005510485847627772,
        0.0029806303226313177,
        -0.011195530697056814,
        -0.0006332121015607456,
        -0.0015123844544240915,
        -0.005775879009273839,
        -0.0010270151171332207,
        0.004083760028685391,
        0.006104219029276964,
        5.314945918664825e-14,
        -0.01660703922314494,
        0.0,
        0.0
      ],
      [
        -0.02432151707185692,
        0.0013517803841494745,
        0.12742061768884794,
        -0.032254085736841104,
        0.01612704286842352,
        5.388557211377384e-05,
        -0.04506102581792634,
        0.008488144957404145,
        -0.000596437214828906,
        -0.013298814254945371,
        -0.03716715371272408,
        0.00725650536163813,
        -0.03091453175116582,
        -0.013952279636543791,
        -0.0005809825767199464,
        0.007803532152626523,
        -0.0024315993701497164,
        0.005568508425232106,
        1.24637471309389e-14,
        -0.009581000600849179,
        0.0,
        0.0
      ],
      [
        -0.0027422866150258905,
        0.00011612637552171434,
        -0.032254085736841104,
        3.1150895025375167,
        6.143982217815609,
        -0.0025075943003288817,
        -0.005213105659902156,
        -0.002909946339959488,
        0.0006224721844991052,
        0.011402758456399039,
        0.0052783775207667725,
        -0.004968510897551864,
        0.00805978504364032,
        0.00342088551612437,
        0.007595342494217301,
        -0.0032277319113454645,
        0.0011943150639982046,
        -0.0014251763958999927,
        1.785339906967244e-13,
        0.002607889005168015,
        0.0,
        0.0
      ],
      [
        0.0013711433074672136,
        -5.8063187528006805e-05,
        0.01612704286842352,
        6.143982217815609,
        12.331062829260663,
        0.0012537971503157287,
        0.0026065528300041833,
        0.0014549731698648382,
        -0.0003112360922297762,
        -0.005701379228245332,
        -0.0026391887601866846,
        0.0024842554488967586,
        -0.004029892521629743,
        -0.0017104427580826374,
        -0.003797671246856712,
        0.001613865955323437,
        -0.0005971575320481864,
        0.0007125881979919478,
        3.6053844797557633e-13,
        -0.0013039445024043042,
        0.0,
        0.0
      ],
      [
        0.0004741503359553229,
        -0.00416869990450448,
        5.388557211377384e-05,
        -0.0025075943003288817,
        0.0012537971503157287,
        15.38714739935443,
        0.0018276828221856964,
        -0.022702747754171086,
        -0.0007771497064973625,
        0.00030656517889039763,
        0.013493908220490174,
        -0.023379033157551053,
        0.012281616458304528,
        0.006433763172044743,
        -0.0031976506985438584,
        -0.020980374335158064,
        0.009310036534891432,
        0.009314631510753029,
        2.8488140743125155e-14,
        -0.024163644837478515,
        0.0,
        0.0
      ],
      [
        -0.0015977807262630129,
        -5.198490557384718e-07,
        -0.04506102581792634,
        -0.005213105659902156,
        0.0026065528300041833,
        0.0018276828221856964,
        0.03632691028974443,
        -0.0019592966199795496,
        -0.0004217894585621622,
        -0.005396540987477114,
        0.004617640229167938,
        0.00633456804674129,
        0.0008195135094877367,
        -0.0012682657501409456,
        -0.005589334962714542,
        -0.003363679738246834,
        0.0011240408214588803,
        0.0002710525877358352,
        2.288425238563169e-15,
        0.0033824423977789524,
        0.0,
        0.0
      ],
      [
        0.0009778343074943736,
        -0.007363690917093225,
        0.008488144957404145,
        -0.002909946339959488,
        0.0014549731698648382,
        -0.022702747754171086,
        -0.0019592966199795496,
        15.363558500402165,
        -0.001251733735939393,
        0.00014589428302788952,
        0.02490993931970873,
        -0.03666448232011241,
        0.0171279714296367,
        0.009343045740031003,
        -0.010916931145521119,
        -0.03686021525002511,
        0.013065275967783563,
        0.013779393553711645,
        2.998377208577625e-14,
        -0.03128089298314732,
        0.0,
        0.0
      ],
      [
        -0.0001331370597482172,
        -0.00039729649433663293,
        -0.000596437214828906,
        0.0006224721844991052,
        -0.0003112360922297762,
        -0.0007771497064973625,
        -0.0004217894585621622,
        -0.001251733735939393,
        0.0016300743454594,
        -0.0006277661204841668,
        -0.0005872428858648184,
        -0.006273468395746468,
        -0.005573354015055672,
        -0.0035679252842823637,
        -0.0014023291683645843,
        0.002071782084917786,
        0.0013776697894967243,
        -0.005140318722689913,
        -2.0037960868710583e-14,
        0.008835923034014693,
        0.0,
        0.0
      ],
      [
        0.004229404483006597,
        -0.0005510485847627772,
        -0.013298814254945371,
        0.011402758456399039,
        -0.005701379228245332,
        0.00030656517889039763,
        -0.005396540987477114,
        0.00014589428302788952,
        -0.0006277661204841668,
        0.023934578959114786,
        -0.008590289984079118,
        0.005866548897003013,
        0.00679888736114195,
        0.0028678967220005713,
        0.0032798466831104912,
        0.0011417006705373037,
        0.0010699607653435867,
        0.0014488317276322446,
        -1.4206932672653138e-14,
        -0.0041086859355694266,
        0.0,
        0.0
      ],
      [
        -0.006026372115312031,
        0.0029806303226313177,
        -0.03716715371272408,
        0.0052783775207667725,
        -0.0026391887601866846,
        0.013493908220490174,
        0.004617640229167938,
        0.02490993931970873,
        -0.0005872428858648184,
        -0.008590289984079118,
        15.355771940692065,
        0.027220113818336666,
        -0.014876249132742048,
        -0.009956694010304721,
        0.0057655350987668675,
        0.009096111971460537,
        -0.004846443573420032,
        -0.0023372457379430434,
        3.841542591718588e-14,
        -0.0015690581657745123,
        0.0,
        0.0
      ],
      [
        -0.0026244935110985136,
        -0.011195530697056814,
        0.00725650536163813,
        -0.004968510897551864,
        0.0024842554488967586,
        -0.023379033157551053,
        0.00633456804674129,
        -0.03666448232011241,
        -0.006273468395746468,
        0.005866548897003013,
        0.027220113818336666,
        0.25367115243993216,
        0.0009743619100761027,
        -0.011539029758122973,
        0.006613430006028457,
        -0.008795218969429149,
        -0.026260878649975533,
        0.040095540129153034,
        -3.143893607803497e-14,
        -0.032489967027084135,
        0.0,
        0.0
      ],
      [
        -0.00677416359215083,
        -0.0006332121015607456,
        -0.03091453175116582,
        0.00805978504364032,
        -0.004029892521629743,
        0.012281616458304528,
        0.0008195135094877367,
        0.0171279714296367,
        -0.005573354015055672,
        0.00679888736114195,
        -0.014876249132742048,
        0.0009743619100761027,
        15.280121815745943,
        -0.06711867730479819,
        -0.0062985465281550825,
        -0.014787324266823516,
        0.013192155790990309,
        0.043573749269031306,
        7.967119544854127e-15,
        -0.042372222606465046,
        0.0,
        0.0
      ],
      [
        -0.003942190663611187,
        -0.0015123844544240915,
        -0.013952279636543791,
        0.00342088551612437,
        -0.0017104427580826374,
        0.006433763172044743,
        -0.0012682657501409456,
        0.009343045740031003,
        -0.0035679252842823637,
        0.0028678967220005713,
        -0.009956694010304721,
        -0.011539029758122973,
        -0.06711867730479819,
        15.358489958833514,
        0.0018560724409108344,
        -0.013703268741734066,
        0.01065908346574537,
        0.018677512997385903,
        -4.896353505090253e-14,
        -0.0296872942262283,
        0.0,
        0.0
      ],
      [
        0.0007650302488766266,
        -0.005775879009273839,
        -0.0005809825767199464,
        0.007595342494217301,
        -0.003797671246856712,
        -0.0031976506985438584,
        -0.005589334962714542,
        -0.010916931145521119,
        -0.0014023291683645843,
        0.0032798466831104912,
        0.0057655350987668675,
        0.006613430006028457,
        -0.0062985465281550825,
        0.0018560724409108344,
        0.04988885846270772,
        0.002439144871187997,
        -0.0005661125248228587,
        0.0027061487692647546,
        -2.795871433334899e-14,
        -0.035059047251678827,
        0.0,
        0.0
      ],
      [
        -0.0036735972638284767,
        -0.0010270151171332207,
        0.007803532152626523,
        -0.0032277319113454645,
        0.001613865955323437,
        -0.020980374335158064,
        -0.003363679738246834,
        -0.03686021525002511,
        0.002071782084917786,
