{
  "q_values": [
    9.531754880350682,
    14.27504047641151,
    13.85284381615821
  ],
  "weights": [
    [
      10.0,
      -10.0,
      -1.8947456901564195,
      -10.0,
      -10.0,
      -10.0,
      0.009076633123681788,
      10.0,
      -0.8650530132898187,
      1.4577751323839268,
      -10.0,
      6.064910914453501,
      10.0,
      -10.0,
      2.762717639691047,
      2.0180994520801465,
      2.33856877307106,
      0.8205618929251557,
      10.0,
      10.0,
      10.0,
      0.0
    ],
    [
      10.0,
      10.0,
      1.2980845201310416,
      10.0,
      10.0,
      10.0,
      0.3199011554155078,
      -10.0,
      -1.592021950145579,
      0.6117571678700457,
      -10.0,
      8.758414469300448,
      10.0,
      -10.0,
      2.6756797577257814,
      2.6789458494339584,
      -2.221412586534825,
      -6.24121080557893,
      6.877282926807766,
      2.1785007941764434,
      10.0,
      0.0
    ],
    [
      10.0,
      -10.0,
      -5.720324487201633,
      10.0,
      10.0,
      10.0,
      1.6930575376267436,
      -10.0,
      -1.0203211298513666,
      -0.45256815270513684,
      -10.0,
      7.676415112844504,
      10.0,
      -10.0,
      2.846753547105461,
      1.6264964226598515,
      3.0755000190603,
      1.2769500146625035,
      10.0,
      10.0,
      -10.0,
      0.0
    ]
  ],
  "cov_inv_matrices": [
    [
      [
        111804.2309996894,
        19514.19341769536,
        13.115427949538335,
        -9542.30742182857,
        -19065.770989987548,
        -17309.58324673654,
        -27.989347357849496,
        -37972.06421531928,
        1.2632033554713988,
        36.042083718185,
        -62584.04092481606,
        -48.2459849355868,
        -14075.883402284688,
        -4298.525553985439,
        9.787359298301016,
        15.698834716997776,
        -13.173676190250335,
        33.32547102852958,
        37.22084931934286,
        32.142921159560494,
        -462.15249855608766,
        0.0
      ],
      [
        19514.19341769536,
        577316.6038990803,
        -15.163084098589565,
        102062.1142125116,
        204046.60310317087,
        42642.07214440027,
        -32.15982744697151,
        -160354.3930925507,
        3.0337012682364093,
        28.720300827551807,
        -21492.752928884634,
        -3.085061171060323,
        -59049.04188317585,
        67752.65827390763,
        -74.97309013333154,
        103.56273363661673,
        69.67798751918419,
        -77.93511028636196,
        -101.45119950840919,
        -231.770188287605,
        3274.2782943062384,
        0.0
      ],
      [
        13.115427949538335,
        -15.163084098589565,
        0.22889848753504485,
        -1.891663024805271,
        -3.62302069301648,
        -1.4534752402395652,
        -0.09166750273965754,
        7.967990139310235,
        -0.0014047587057101389,
        -0.022947249037908082,
        -37.96720521510793,
        -0.02298760199069525,
        5.624805621106329,
        -3.4302280170699446,
        0.009176755685191959,
        -0.03221785692579844,
        0.01730831842970257,
        0.0108470995364436,
        0.00963874490396118,
        -0.028404541335573418,
        -1.0005366360151435,
        0.0
      ],
      [
        -9542.30742182857,
        102062.1142125116,
        -1.891663024805271,
        124133.05078003023,
        248229.15049494742,
        139449.03367829972,
        -5.517276349656809,
        -137899.82063041866,
        1.988389840121779,
        17.69880854743494,
        -14136.718542609155,
        26.397826774791994,
        -33093.12085063688,
        56563.28886017495,
        6.907204966307209,
        45.63778445997299,
        3.806715726664692,
        27.303841943033913,
        27.229198280781155,
        2.54856749398878,
        -934.1401399962172,
        0.0
      ],
      [
        -19065.770989987548,
        204046.60310317087,
        -3.62302069301648,
        248229.15049494742,
        496384.76767834066,
        278862.54786183883,
        -11.023187997529185,
        -275755.64366295736,
        3.9727731813205303,
        35.31193460027014,
        -28298.133466022507,
        52.79022246571081,
        -66171.56699925999,
        113106.7079918193,
        13.888894993950105,
        91.22308441714686,
        7.622161992436399,
        54.617267212860014,
        54.46254002541872,
        5.015168720087185,
        -1870.3112561944117,
        0.0
      ],
      [
        -17309.58324673654,
        42642.07214440027,
        -1.4534752402395652,
        139449.03367829972,
        278862.54786183883,
        167429.80298601903,
        -1.37302672050535,
        -147167.88109040548,
        2.01482245400084,
        16.875129430933477,
        -11681.554273253203,
        34.92887709141745,
        -32361.79195876797,
        60503.4816880094,
        19.31300201323754,
        41.861048830492564,
        -5.439303717807617,
        44.24216284392274,
        47.30513256527625,
        36.32110222412826,
        -1601.2117841696822,
        0.0
      ],
      [
        -27.989347357849496,
        -32.15982744697151,
        -0.09166750273965754,
        -5.517276349656809,
        -11.023187997529185,
        -1.37302672050535,
        0.0870950581638679,
        18.857134087315924,
        -0.0011207447770165127,
        -0.031361264409631426,
        20.200283690531155,
        0.02055243449053425,
        6.3359789923524,
        -3.174388850375433,
        0.027078915501727904,
        -0.011673009417733202,
        0.00036419897125248326,
        -0.0029699933157525185,
        -0.012641860208730295,
        -0.014832977403734893,
        -0.6106551728224128,
        0.0
      ],
      [
        -37972.06421531928,
        -160354.3930925507,
        7.967990139310235,
        -137899.82063041866,
        -275755.64366295736,
        -147167.88109040548,
        18.857134087315924,
        182048.3264233487,
        -3.166727978514652,
        -36.45580610668754,
        29603.097776193696,
        -16.326856249145536,
        48960.61190792649,
        -65213.82122218433,
        -8.39432228051268,
        -74.23313105030482,
        4.437273431709518,
        -38.010846422972534,
        -36.844908346733796,
        -9.165361129551552,
        718.2072288218699,
        0.0
      ],
      [
        1.2632033554713988,
        3.0337012682364093,
        -0.0014047587057101389,
        1.988389840121779,
        3.9727731813205303,
        2.01482245400084,
        -0.0011207447770165127,
        -3.166727978514652,
        0.0016545057774681952,
        0.0017041636827454126,
        -0.28641318349974865,
        0.0031348876288957144,
        -0.9666840897468971,
        0.9861830408096727,
        0.000760432123476789,
        0.003454205049674891,
        -0.0039001094637108056,
        0.006403222134296029,
        0.0066482133441963884,
        0.012661831369260563,
        -0.2633360858615607,
        0.0
      ],
      [
        36.042083718185,
        28.720300827551807,
        -0.022947249037908082,
        17.69880854743494,
        35.31193460027014,
        16.875129430933477,
        -0.031361264409631426,
        -36.45580610668754,
        0.0017041636827454126,
        0.07116721868459197,
        -23.048613870128342,
        -0.012834130332978125,
        -10.886227047178846,
        8.237646477874263,
        -0.02408347832026759,
        0.012498744544353107,
        -0.005937811586979015,
        0.011478454601072031,
        0.027557086150753834,
        0.0413872906268708,
        0.28608421591642297,
        0.0
      ],
      [
        -62584.04092481606,
        -21492.752928884634,
        -37.96720521510793,
        -14136.718542609155,
        -28298.133466022507,
        -11681.554273253203,
        20.200283690531155,
        29603.097776193696,
        -0.28641318349974865,
        -23.048613870128342,
        76953.1311574322,
        46.24728995403404,
        5011.472198853711,
        -3911.515108500449,
        -2.024024421674667,
        13.828963291069602,
        -14.080609399107248,
        -25.089023295333533,
        -30.541107364248887,
        4.410476127202192,
        1176.5315945023474,
        0.0
      ],
      [
        -48.2459849355868,
        -3.085061171060323,
        -0.02298760199069525,
        26.397826774791994,
        52.79022246571081,
        34.92887709141745,
        0.02055243449053425,
        -16.326856249145536,
        0.0031348876288957144,
        -0.012834130332978125,
        46.24728995403404,
        0.2875211379263339,
        -3.501236837459433,
        13.128944940268823,
        0.009955717928933867,
        0.026001478962839997,
        -0.008331385629715292,
        -0.017349455323996954,
        -0.054069202469517755,
        0.05415085229351181,
        0.6994183403546916,
        0.0
      ],
      [
        -14075.883402284688,
        -59049.04188317585,
        5.624805621106329,
        -33093.12085063688,
        -66171.56699925999,
        -32361.79195876797,
        6.3359789923524,
        48960.61190792649,
        -0.9666840897468971,
        -10.886227047178846,
        5011.472198853711,
        -3.501236837459433,
        14891.881753551474,
        -16632.71482846906,
        0.19716075079720236,
        -24.695237563898313,
        1.1704336968894864,
        -6.558020405824331,
        -4.970019470389944,
        2.8150782975342814,
        -55.85408652636333,
        0.0
      ],
      [
        -4298.525553985439,
        67752.65827390763,
        -3.4302280170699446,
        56563.28886017495,
        113106.7079918193,
        60503.4816880094,
        -3.174388850375433,
        -65213.82122218433,
        0.9861830408096727,
        8.237646477874263,
        -3911.515108500449,
        13.128944940268823,
        -16632.71482846906,
        26944.093898337465,
        -0.08029013696283882,
        25.256608813523748,
        3.114626717821549,
        7.402606046934382,
        6.397814866411492,
        -7.839272863458657,
        -192.09199282643118,
        0.0
      ],
      [
        9.787359298301016,
        -74.97309013333154,
        0.009176755685191959,
        6.907204966307209,
        13.888894993950105,
        19.31300201323754,
        0.027078915501727904,
        -8.39432228051268,
        0.000760432123476789,
        -0.02408347832026759,
        -2.024024421674667,
        0.009955717928933867,
        0.19716075079720236,
        -0.08029013696283882,
        0.12080465178770801,
        -0.03049875014248273,
        -0.02369441519613498,
        0.022561161904858337,
        0.019600596776800257,
        -0.00758500360463027,
        -1.3419273250998822,
        0.0
      ],
      [
        15.698834716997776,
        103.56273363661673,
        -0.03221785692579844,
        45.63778445997299,
        91.22308441714686,
        41.861048830492564,
        -0.011673009417733202,
        -74.23313105030482,
        0.003454205049674891,
        0.012498744544353107,
        13.828963291069602,
        0.026001478962839997,
        -24.695237563898313,
        25.256608813523748,
        -0.03049875014248273,
        0.19211538940074932,
        0.002986716371000122,
        0.01686276282602451,
        -0.05936634844145176,
        -0.014409485684174987,
        -0.05132759641614579,
        0.0
      ],
      [
        -13.173676190250335,
        69.67798751918419,
        0.01730831842970257,
        3.806715726664692,
        7.622161992436399,
        -5.439303717807617,
        0.00036419897125248326,
        4.437273431709518,
        -0.0039001094637108056,
        -0.005937811586979015,
        -14.080609399107248,
        -0.008331385629715292,
        1.1704336968894864,
        3.114626717821549,
        -0.02369441519613498,
        0.002986716371000122,
        0.179377657401361,
        0.07725817118990284,
        -0.03845086298653621,
        -0.048975247821054085,
        -6.0777733651118675,
        0.0
      ],
      [
        33.32547102852958,
        -77.93511028636196,
        0.0108470995364436,
        27.303841943033913,
        54.617267212860014,
        44.24216284392274,
        -0.0029699933157525185,
        -38.010846422972534,
        0.006403222134296029,
        0.011478454601072031,
        -25.089023295333533,
        -0.017349455323996954,
        -6.558020405824331,
        7.402606046934382,
        0.022561161904858337,
        0.01686276282602451,
        0.07725817118990284,
        0.2658375947298133,
        0.1143516746139645,
        0.20118503083475117,
        -11.082345664366265,
        0.0
      ],
      [
        37.22084931934286,
        -101.45119950840919,
        0.00963874490396118,
        27.229198280781155,
        54.46254002541872,
        47.30513256527625,
        -0.012641860208730295,
        -36.844908346733796,
        0.0066482133441963884,
        0.027557086150753834,
        -30.541107364248887,
        -0.054069202469517755,
        -4.970019470389944,
        6.397814866411492,
        0.019600596776800257,
        -0.05936634844145176,
        -0.03845086298653621,
        0.1143516746139645,
        0.3960730853611185,
        0.016249588872006712,
        -6.992012513560847,
        0.0
      ],
      [
        32.142921159560494,
        -231.770188287605,
        -0.028404541335573418,
        2.54856749398878,
        5.015168720087185,
        36.32110222412826,
        -0.014832977403734893,
        -9.165361129551552,
        0.012661831369260563,
        0.0413872906268708,
        4.410476127202192,
        0.05415085229351181,
        2.8150782975342814,
        -7.839272863458657,
        -0.00758500360463027,
        -0.014409485684174987,
        -0.048975247821054085,
        0.20118503083475117,
        0.016249588872006712,
        0.49188614790633073,
        -5.3310206788767704,
        0.0
      ],
      [
        -462.15249855608766,
        3274.2782943062384,
        -1.0005366360151435,
        -934.1401399962172,
        -1870.3112561944117,
        -1601.2117841696822,
        -0.6106551728224128,
        718.2072288218699,
        -0.2633360858615607,
        0.28608421591642297,
        1176.5315945023474,
        0.6994183403546916,
        -55.85408652636333,
        -192.09199282643118,
        -1.3419273250998822,
        -0.05132759641614579,
        -6.0777733651118675,
        -11.082345664366265,
        -6.992012513560847,
        -5.3310206788767704,
        633.0760422842286,
        0.0
      ],
      [
        0.0,
        0.0,
        0.0,
        0.0,
        0.0,
        0.0,
        0.0,
        0.0,
        0.0,
        0.0,
        0.0,
        0.0,
        0.0,
        0.0,
        0.0,
        0.0,
        0.0,
        0.0,
        0.0,
        0.0,
        0.0,
        1000000.0
      ]
    ],
    [
      [
        109950.9800253995,
        4469.325019245836,
        -0.6241347887237348,
        12799.649258172194,
        25652.005695233274,
        55548.561290829,
        -10.401783541078384,
        -71509.37983246056,
        2.862674895402863,
        11.406931973337336,
        -37361.11663822418,
        19.970450495570795,
        -12509.579249488717,
        12565.969513544185,
        5.4908089666049245,
        17.954633356240443,
        -3.5721257502159522,
        15.869471126365006,
        62.40423298954532,
        45.401770256441395,
        -1459.7577912898191,
        0.0
      ],
      [
        4469.325019245836,
        76623.7469900157,
        23.715995057893736,
        -4345.055932299296,
        -8690.016000617612,
        -35282.380935708024,
        -7.382762196685723,
        21519.07614272734,
        5.2346990076724875,
        2.8029911113734958,
        -36990.77738500305,
        2.367654573756233,
        -30189.29998862012,
        53501.10982216183,
        -18.01256824288764,
        -7.936839228962981,
        55.07530947891463,
        6.478210950204833,
        69.68891351955915,
        -27.06642739825029,
        -2779.6625460208797,
        0.0
      ],
      [
        -0.6241347887237348,
        23.715995057893736,
        0.20326395456174806,
        13.103425770227107,
        26.311150921693788,
        14.677346334927623,
        -0.09148390706107766,
        -19.27140786381953,
        -0.003655111795790236,
        -0.017057914327988383,
        -46.61456957134726,
        0.016730429609419787,
        6.032195952416398,
        -6.964153178466383,
        1.8534665228936063e-05,
        -0.013389799818543803,
        -0.03031567907276377,
        0.011765321557841943,
        -0.07001801309687411,
        -0.03230603095631751,
        2.3423435901787735,
        0.0
      ],
      [
        12799.649258172194,
        -4345.055932299296,
        13.103425770227107,
        24833.061261263963,
        49679.072967584245,
        45760.08163593085,
        -5.4883921002064096,
        -45111.074757955044,
        -3.877807858669347,
        2.4787216941991543,
        -20806.710233771926,
        -2.5948864419380206,
        21871.12734773127,
        -33149.15109483898,
        12.592749453362309,
        1.563790686025935,
        -68.59916792865891,
        -26.824077423906076,
        -72.32748264476015,
        -19.80762230653863,
        3957.6888709693694,
        0.0
      ],
      [
        25652.005695233274,
        -8690.016000617612,
        26.311150921693788,
        49679.072967584245,
        99384.24579196735,
        91560.05057121094,
        -10.997370640872113,
        -90269.86520637316,
        -7.759842012881151,
        4.930575406510937,
        -41649.35247356331,
        -5.173450476221994,
        43745.4866003759,
        -66303.58144489658,
        25.183015100537204,
        3.150494952850508,
        -137.2824132140093,
        -53.6734735901977,
        -144.738580207172,
        -39.642051103003105,
        7920.307435319551,
        0.0
      ],
      [
        55548.561290829,
        -35282.380935708024,
        14.677346334927623,
        45760.08163593085,
        91560.05057121094,
        106183.97775767672,
        -9.816988385459027,
        -105431.61973383502,
        -7.390194754179181,
        6.772453910574028,
        -35764.57014030803,
        0.7319978844007158,
        42940.94790677827,
        -70296.989004727,
        29.291860722115306,
        10.297388077748096,
        -133.61647907573033,
        -38.31895046167036,
        -125.06408188975826,
        -7.367084474572575,
        7013.712880654879,
        0.0
      ],
      [
        -10.401783541078384,
        -7.382762196685723,
        -0.09148390706107766,
        -5.4883921002064096,
        -10.997370640872113,
        -9.816988385459027,
        0.06697442177977905,
        12.321272848217856,
        -0.00035034307772285894,
        -0.002746761414117263,
        13.032981131807407,
        -0.017379694552567798,
        -0.9997660057098086,
        0.6375092232968123,
        0.0012059366148257625,
        -0.0009518105093884867,
        -0.008957156994395282,
        -0.01884009411796904,
        -0.023647773993650492,
        0.0014215022902001433,
        1.0694726626949418,
        0.0
      ],
      [
        -71509.37983246056,
        21519.07614272734,
        -19.27140786381953,
        -45111.074757955044,
        -90269.86520637316,
        -105431.61973383502,
        12.321272848217856,
        109541.12653597945,
        5.9098643984757935,
        -8.766297990295822,
        48352.497682936475,
        -3.7877058717098477,
        -34710.220056694576,
        57395.74880109717,
        -26.25764929944251,
        -10.807048229722033,
        122.71389300960463,
        33.81808275194901,
        101.85142343945513,
        5.247334990043878,
        -6224.7849827821465,
        0.0
      ],
      [
        2.862674895402863,
        5.2346990076724875,
        -0.003655111795790236,
        -3.877807858669347,
        -7.759842012881151,
        -7.390194754179181,
        -0.00035034307772285894,
        5.9098643984757935,
        0.003977822655599324,
        0.0003781124914008084,
        0.988699903007997,
        0.004943588073436167,
        -6.31812725296788,
        9.04756059885714,
        -0.0015339847152017073,
        0.0014773519463851356,
        0.013793123904039226,
        0.013802369846471313,
        0.04029793714270896,
        0.021396880149069056,
        -1.6652081156127263,
        0.0
      ],
      [
        11.406931973337336,
        2.8029911113734958,
        -0.017057914327988383,
        2.4787216941991543,
        4.930575406510937,
        6.772453910574028,
        -0.002746761414117263,
        -8.766297990295822,
        0.0003781124914008084,
        0.02365338396241859,
        -6.54883579353585,
        0.004532198741668209,
        -0.8492919233761997,
        1.1519232850226144,
        -0.0024037592091783262,
        0.0012297540394001767,
        0.004382575272120707,
        -0.0011004883890751353,
        0.021996869967051802,
        -4.285679343494904e-05,
        -0.45393956710446964,
        0.0
      ],
      [
        -37361.11663822418,
        -36990.77738500305,
        -46.61456957134726,
        -20806.710233771926,
        -41649.35247356331,
        -35764.57014030803,
        13.032981131807407,
        48352.497682936475,
        0.988699903007997,
        -6.54883579353585,
        78730.79277977916,
        3.0511554680053248,
        -2609.752539415064,
        598.0228765215682,
        -3.6960717940675005,
        8.74178593297669,
        57.863720747751685,
        19.212627054130827,
        43.3782162612272,
        37.85019097259847,
        -3384.7564006813254,
        0.0
      ],
      [
        19.970450495570795,
        2.367654573756233,
        0.016730429609419787,
        -2.5948864419380206,
        -5.173450476221994,
        0.7319978844007158,
        -0.017379694552567798,
        -3.7877058717098477,
        0.004943588073436167,
        0.004532198741668209,
        3.0511554680053248,
        0.1615610837439905,
        -8.096537880552992,
        10.654036924499605,
        -0.006084361396893846,
        0.018636693468586943,
        0.007662490835393417,
        0.030000942100235878,
        -0.04058556362479755,
        0.10841060744190872,
        -0.8729049643731437,
        0.0
      ],
      [
        -12509.579249488717,
        -30189.29998862012,
        6.032195952416398,
        21871.12734773127,
        43745.4866003759,
        42940.94790677827,
        -0.9997660057098086,
        -34710.220056694576,
        -6.31812725296788,
        -0.8492919233761997,
        -2609.752539415064,
        -8.096537880552992,
        34910.5235443312,
        -50290.31526185329,
        17.406063250243086,
        -0.8574262757636943,
        -93.4100567454831,
        -42.93843295836763,
        -105.71958592942872,
        -28.057350656172364,
        5583.152243456654,
        0.0
      ],
      [
        12565.969513544185,
        53501.10982216183,
        -6.964153178466383,
        -33149.15109483898,
        -66303.58144489658,
        -70296.989004727,
        0.6375092232968123,
        57395.74880109717,
        9.04756059885714,
        1.1519232850226144,
        598.0228765215682,
        10.654036924499605,
        -50290.31526185329,
        81837.31644828977,
        -26.436188414821572,
        -1.4126405639907849,
        119.99059910192335,
        34.186392494326086,
        158.7903118325351,
        18.035029356903504,
        -7134.69396558643,
        0.0
      ],
      [
        5.4908089666049245,
        -18.01256824288764,
        1.8534665228936063e-05,
        12.592749453362309,
        25.183015100537204,
        29.291860722115306,
        0.0012059366148257625,
        -26.25764929944251,
        -0.0015339847152017073,
        -0.0024037592091783262,
        -3.6960717940675005,
        -0.006084361396893846,
        17.406063250243086,
        -26.436188414821572,
        0.0719913307487022,
        -0.03879734904327754,
        -0.027137894665804168,
        -0.024657307370019598,
        -0.013909491090442198,
        -0.01745923822119587,
        1.0033636090739586,
        0.0
      ],
      [
        17.954633356240443,
        -7.936839228962981,
        -0.013389799818543803,
        1.563790686025935,
        3.150494952850508,
        10.297388077748096,
        -0.0009518105093884867,
        -10.807048229722033,
        0.0014773519463851356,
        0.0012297540394001767,
        8.74178593297669,
        0.018636693468586943,
        -0.8574262757636943,
        -1.4126405639907849,
        -0.03879734904327754,
        0.098962137207894,
        -0.010067155837056578,
        0.019483996526431152,
        -0.035480521850274824,
        0.023807925610380788,
        0.34996599035854936,
        0.0
      ],
      [
        -3.5721257502159522,
        55.07530947891463,
        -0.03031567907276377,
        -68.59916792865891,
        -137.2824132140093,
        -133.61647907573033,
        -0.008957156994395282,
        122.71389300960463,
        0.013793123904039226,
        0.004382575272120707,
        57.863720747751685,
        0.007662490835393417,
        -93.4100567454831,
        119.99059910192335,
        -0.027137894665804168,
        -0.010067155837056578,
        0.9802710838511141,
        0.6153130385780721,
        0.4707365105034179,
        0.2724114433818013,
        -52.40480542867167,
        0.0
      ],
      [
        15.869471126365006,
        6.478210950204833,
        0.011765321557841943,
        -26.824077423906076,
        -53.6734735901977,
        -38.31895046167036,
        -0.01884009411796904,
        33.81808275194901,
        0.013802369846471313,
        -0.0011004883890751353,
        19.212627054130827,
        0.030000942100235878,
        -42.93843295836763,
        34.186392494326086,
        -0.024657307370019598,
        0.019483996526431152,
        0.6153130385780721,
        0.9104917182598556,
        0.08418330305753063,
        0.295147167017217,
        -38.40326970285325,
        0.0
      ],
      [
        62.40423298954532,
        69.68891351955915,
        -0.07001801309687411,
        -72.32748264476015,
        -144.738580207172,
        -125.06408188975826,
        -0.023647773993650492,
        101.85142343945513,
        0.04029793714270896,
        0.021996869967051802,
        43.3782162612272,
        -0.04058556362479755,
        -105.71958592942872,
        158.7903118325351,
        -0.013909491090442198,
        -0.035480521850274824,
        0.4707365105034179,
        0.08418330305753063,
        1.2294368360472177,
        -0.07398291492681133,
        -40.32313136158052,
        0.0
      ],
      [
        45.401770256441395,
        -27.06642739825029,
        -0.03230603095631751,
        -19.80762230653863,
        -39.642051103003105,
        -7.367084474572575,
        0.0014215022902001433,
        5.247334990043878,
        0.021396880149069056,
        -4.285679343494904e-05,
        37.85019097259847,
        0.10841060744190872,
        -28.057350656172364,
        18.035029356903504,
        -0.01745923822119587,
        0.023807925610380788,
        0.2724114433818013,
        0.295147167017217,
        -0.07398291492681133,
        0.6054680742786821,
        -16.971424997432745,
        0.0
      ],
      [
        -1459.7577912898191,
        -2779.6625460208797,
        2.3423435901787735,
        3957.6888709693694,
        7920.307435319551,
        7013.712880654879,
        1.0694726626949418,
        -6224.7849827821465,
        -1.6652081156127263,
        -0.45393956710446964,
        -3384.7564006813254,
        -0.8729049643731437,
        5583.152243456654,
        -7134.69396558643,
        1.0033636090739586,
        0.34996599035854936,
        -52.40480542867167,
        -38.40326970285325,
        -40.32313136158052,
        -16.971424997432745,
        3250.6877411361575,
        0.0
      ],
      [
        0.0,
        0.0,
        0.0,
        0.0,
        0.0,
        0.0,
        0.0,
        0.0,
        0.0,
        0.0,
        0.0,
        0.0,
        0.0,
        0.0,
        0.0,
        0.0,
        0.0,
        0.0,
        0.0,
        0.0,
        0.0,
        1000000.0
      ]
    ],
    [
      [
        170080.6101943798,
        -25438.09268103664,
        5.89091475521599,
        3044.3328487140707,
        6156.857835984812,
        -28007.161819313627,
        -22.839401037687352,
        -22797.123733476194,
        1.6171761006504588,
        36.835388681961945,
        -98718.08895392729,
        -1.7116045828630297,
        -8605.591922889464,
        4322.663537784798,
        0.3063461970922897,
        -28.7101017005327,
        -35.909275045414944,
        15.052658047684716,
        87.2389252815463,
        55.19447879775079,
        -69.72548092027952,
        0.0
      ],
      [
        -25438.09268103664,
        453694.399683535,
        7.308953200501049,
        18959.113433542952,
        37861.10067335524,
        -35070.38780095756,
        -7.170997173322776,
        -99811.77441852968,
        2.098543633032749,
        20.066449608942868,
        -54904.15962241874,
        -25.913640697989077,
        19602.957260000803,
        -13870.62330508009,
        -37.244317759948636,
        86.0500848315721,
        -1.5807513856799797,
        -81.16607767703276,
        -72.7397598408219,
        -209.89741302634465,
        5379.645048568023,
        0.0
      ],
      [
        5.89091475521599,
        7.308953200501049,
        0.2687849836406504,
        -37.514234029876214,
        -74.84082897957835,
        -25.833208759188476,
        -0.12048523593180548,
        5.000940892033606,
        0.0011431287011900353,
        -0.0336406116396569,
        -54.85647574893429,
        0.016691855570759494,
        -9.90452206882199,
        18.180440579234308,
        -0.02563668476873624,
        -0.022282283780103284,
        -0.010276233028343297,
        -0.0024657221371107278,
        0.016152826759426683,
        0.0236380777631117,
        0.2561514076225995,
        0.0
      ],
      [
        3044.3328487140707,
        18959.113433542952,
        -37.514234029876214,
        102895.22291432375,
        205718.29023875535,
        -19284.117693623077,
        7.986812081000034,
        1220.23663960036,
        0.04285623610672498,
        20.132559875872673,
        -23730.279400466636,
        -14.543697168390217,
        10080.743284769113,
        -11311.004338187066,
        4.1775876408076185,
        0.6782180681444056,
        -6.667658856189655,
        -4.418197733294574,
        11.522691687617765,
        -14.521270147848693,
        275.9620146006241,
        0.0
      ],
      [
        6156.857835984812,
        37861.10067335524,
        -74.84082897957835,
        205718.29023875535,
        411292.66031725216,
        -38599.405050693385,
        15.947413544745547,
        2469.843126152368,
        0.08641150662408231,
        40.19987596734206,
        -47523.00172562669,
        -29.05170520543997,
        20146.53187379905,
        -22586.720442015303,
        8.331008066915306,
        1.2849973475583871,
        -13.3338654022997,
        -8.829608094638479,
        23.058244095478262,
        -28.9694888989225,
        550.9579656203521,
        0.0
      ],
      [
        -28007.161819313627,
        -35070.38780095756,
        -25.833208759188476,
        -19284.117693623077,
        -38599.405050693385,
        74213.98397174345,
        5.4590726163632635,
        -18390.665854594103,
        -1.505856809007778,
        -3.93537938437448,
        46560.59397112807,
        -10.440841903398246,
        27824.559084636076,
        -50464.77892568552,
        5.6427663814629625,
        -9.601615480223359,
        -7.67315520545797,
        -33.778318807325164,
        -27.965592440261002,
        -26.37935706832794,
        1077.0445892643734,
        0.0
      ],
      [
        -22.839401037687352,
        -7.170997173322776,
        -0.12048523593180548,
        7.986812081000034,
        15.947413544745547,
        5.4590726163632635,
        0.10271174989478746,
        3.4526957323022054,
        -0.000715697242448611,
        -0.011065231727904412,
        -1.8948081238217367,
        -0.007197810540359743,
        4.8671792907845575,
        -0.2390505970418446,
        0.016757566643490686,
        -0.013682474107041011,
        0.009084048863075646,
        -0.002485042369150341,
        -0.021527659205367786,
        -0.0005942323563237682,
        -0.37924370279564273,
        0.0
      ],
      [
        -22797.123733476194,
        -99811.77441852968,
        5.000940892033606,
        1220.23663960036,
        2469.843126152368,
        -18390.665854594103,
        3.4526957323022054,
        100012.55865629167,
        -1.0985913645458423,
        -21.489554800209607,
        50501.28215276693,
        4.091644953742906,
        -32467.043563536576,
        54937.53384924155,
        -14.058017934336366,
        -46.50756449402621,
        60.59131353372017,
        12.210827080831802,
        -33.183065774669004,
        2.940194476858195,
        -1717.935264540919,
        0.0
      ],
      [
        1.6171761006504588,
        2.098543633032749,
        0.0011431287011900353,
        0.04285623610672498,
        0.08641150662408231,
        -1.505856809007778,
        -0.000715697242448611,
        -1.0985913645458423,
        0.0013443209065329973,
        0.0005374493556301921,
        -2.1668757098316394,
        -0.0002327566748303596,
        -0.35147004358524053,
        0.37468026089986733,
        0.0009953095649666282,
        0.0017213189379690274,
        -0.004652070979123475,
        0.004890540602227562,
        0.00766539646800731,
        0.00855646054250917,
        -0.19519746388628545,
        0.0
      ],
      [
        36.835388681961945,
        20.066449608942868,
        -0.0336406116396569,
        20.132559875872673,
        40.19987596734206,
        -3.93537938437448,
        -0.011065231727904412,
        -21.489554800209607,
        0.0005374493556301921,
        0.07685387143287503,
        -45.32057542181572,
        -0.013761733672747084,
        3.0313136305572304,
        -9.225709128297035,
        -0.011631000681196444,
        0.009950711517361096,
        -0.02033915307485263,
        -0.005954483097928245,
        0.045647392069434994,
        -0.01098407656507149,
        0.8761272133732929,
        0.0
      ],
      [
        -98718.08895392729,
        -54904.15962241874,
        -54.85647574893429,
        -23730.279400466636,
        -47523.00172562669,
        46560.59397112807,
        -1.8948081238217367,
        50501.28215276693,
        -2.1668757098316394,
        -45.32057542181572,
        264083.81750821223,
        41.319944115552495,
        -5595.263460993974,
        -5295.143490805496,
        2.8565601787287664,
        39.152260659991704,
        44.54398202494092,
        8.884939722318382,
        -66.22765162743545,
        -19.23892271906127,
        -1371.3276616849264,
        0.0
      ],
      [
        -1.7116045828630297,
        -25.913640697989077,
        0.016691855570759494,
        -14.543697168390217,
        -29.05170520543997,
        -10.440841903398246,
        -0.007197810540359743,
        4.091644953742906,
        -0.0002327566748303596,
        -0.013761733672747084,
        41.319944115552495,
        0.22541410194118847,
        -5.291426877426569,
        10.286198340014232,
        -0.020303360158871176,
        0.013445172976230813,
        -0.0018770581766829621,
        0.027640608129083206,
        0.037968885557408086,
        0.04272435912259031,
        -1.0993401699903118,
        0.0
      ],
      [
        -8605.591922889464,
        19602.957260000803,
        -9.90452206882199,
        10080.743284769113,
        20146.53187379905,
        27824.559084636076,
        4.8671792907845575,
        -32467.043563536576,
        -0.35147004358524053,
        3.0313136305572304,
        -5595.263460993974,
        -5.291426877426569,
        23826.961676629315,
        -31831.009144387932,
        6.844641506910393,
        4.4396640488044685,
        -21.93908464127494,
        -19.83975688472373,
        -2.3548193582873687,
        -13.639810005577553,
        940.355862963751,
        0.0
      ],
      [
        4322.663537784798,
        -13870.62330508009,
        18.180440579234308,
        -11311.004338187066,
        -22586.720442015303,
        -50464.77892568552,
        -0.2390505970418446,
        54937.53384924155,
        0.37468026089986733,
        -9.225709128297035,
        -5295.143490805496,
        10.286198340014232,
        -31831.009144387932,
        63034.74644266838,
        -9.550956367972962,
        -15.292245436707109,
        33.955261859531916,
        23.990497231325254,
        -3.027360239076914,
        11.75583581317077,
        -1408.2265551874011,
        0.0
      ],
      [
        0.3063461970922897,
        -37.244317759948636,
        -0.02563668476873624,
        4.1775876408076185,
        8.331008066915306,
        5.6427663814629625,
        0.016757566643490686,
        -14.058017934336366,
        0.0009953095649666282,
        -0.011631000681196444,
        2.8565601787287664,
        -0.020303360158871176,
        6.844641506910393,
        -9.550956367972962,
        0.10795664637675889,
        -0.007136848384845558,
        -0.009877408542432714,
        0.01712664631883832,
        -0.027389360848785654,
        0.009781483073446225,
        -2.042972871771363,
        0.0
      ],
      [
        -28.7101017005327,
        86.0500848315721,
        -0.022282283780103284,
        0.6782180681444056,
        1.2849973475583871,
        -9.601615480223359,
        -0.013682474107041011,
        -46.50756449402621,
        0.0017213189379690274,
        0.009950711517361096,
        39.152260659991704,
        0.013445172976230813,
        4.4396640488044685,
        -15.292245436707109,
        -0.007136848384845558,
        0.1865069212131375,
        -0.036302408116297896,
        0.016109703991205832,
        0.0038110779539890696,
        -0.06413824295044941,
        1.1033458856081046,
        0.0
      ],
      [
        -35.909275045414944,
        -1.5807513856799797,
        -0.010276233028343297,
        -6.667658856189655,
        -13.3338654022997,
        -7.67315520545797,
        0.009084048863075646,
        60.59131353372017,
        -0.004652070979123475,
        -0.02033915307485263,
        44.54398202494092,
        -0.0018770581766829621,
        -21.93908464127494,
        33.955261859531916,
        -0.009877408542432714,
        -0.036302408116297896,
        0.19668160971678644,
        0.07464351952658135,
        -0.04476341573838957,
        -0.06059756302042364,
        -6.114218208732328,
        0.0
      ],
      [
        15.052658047684716,
        -81.16607767703276,
        -0.0024657221371107278,
        -4.418197733294574,
        -8.829608094638479,
        -33.778318807325164,
        -0.002485042369150341,
        12.210827080831802,
        0.004890540602227562,
        -0.005954483097928245,
        8.884939722318382,
        0.027640608129083206,
        -19.83975688472373,
        23.990497231325254,
        0.01712664631883832,
        0.016109703991205832,
        0.07464351952658135,
        0.24303579185344962,
        0.12478324717020091,
        0.17175694854793647,
        -10.713183215497093,
        0.0
      ],
      [
        87.2389252815463,
        -72.7397598408219,
        0.016152826759426683,
        11.522691687617765,
        23.058244095478262,
        -27.965592440261002,
        -0.021527659205367786,
        -33.183065774669004,
        0.00766539646800731,
