{
  "q_values": [
    15.632045147174052,
    11.424888583585227,
    14.35353189718038
  ],
  "weights": [
    [
      -10.0,
      -10.0,
      -5.581239005084765,
      -10.0,
      -10.0,
      -10.0,
      1.7079482925612712,
      10.0,
      -1.0643149988775367,
      -1.1505950103075149,
      10.0,
      6.567286521781053,
      10.0,
      -10.0,
      4.83271563819978,
      1.4417588013704474,
      3.460284664314976,
      -0.09042108516833025,
      10.0,
      7.244942067048129,
      10.0,
      0.0
    ],
    [
      10.0,
      10.0,
      2.0646367457779036,
      10.0,
      10.0,
      10.0,
      -1.274686553416636,
      -10.0,
      -1.0831886305223186,
      1.5489856907392667,
      -10.0,
      10.0,
      -10.0,
      -10.0,
      1.0720090007833498,
      4.67309580295286,
      1.3289031275754724,
      -1.5601119343889422,
      8.51584443501838,
      1.6839440675811375,
      10.0,
      0.0
    ],
    [
      10.0,
      -10.0,
      2.3649477665829597,
      -10.0,
      -10.0,
      -10.0,
      -0.9504357509137389,
      -10.0,
      -0.746197237141166,
      0.8777884456781413,
      -10.0,
      9.539198454108059,
      10.0,
      -10.0,
      5.130468346389259,
      0.28006840071256356,
      4.583886831081749,
      0.11503356527057917,
      8.865222616038135,
      10.0,
      10.0,
      0.0
    ]
  ],
  "cov_inv_matrices": [
    [
      [
        138733.65912567682,
        -66556.21057449546,
        23.872432405112352,
        -18513.353995012905,
        -36979.74647423493,
        -16382.547419708966,
        -16.285797118982863,
        -38726.94759530063,
        0.022420653813400256,
        22.373389689068443,
        -64868.80405412844,
        -3.5634866678893187,
        -13494.640004445828,
        -10833.707830241523,
        12.649310581911914,
        14.95654555314341,
        -38.163096288150975,
        32.49438690471613,
        68.45092048579937,
        54.52708346768054,
        -109.96121349058862,
        0.0
      ],
      [
        -66556.21057449546,
        696822.642949744,
        -8.087506725173352,
        94651.67738929769,
        188921.8020781945,
        16932.19224899792,
        0.4568296720925289,
        -105301.032509248,
        1.1185523278477882,
        20.86418003270721,
        -20530.379694159317,
        -74.69040853950989,
        -42215.443607725196,
        66403.39587865959,
        -173.1246805713781,
        110.00747091805087,
        100.38920609150468,
        -97.01757311156318,
        -265.14117859455285,
        -214.12911628384825,
        8016.22417348476,
        0.0
      ],
      [
        23.872432405112352,
        -8.087506725173352,
        0.3290477129233325,
        55.479630547913494,
        111.07867489221948,
        67.1088475149208,
        -0.11902810600605938,
        -44.24103261515086,
        0.0004880028022928391,
        -0.01284282952769726,
        -93.79905156341952,
        -0.012753914687490339,
        -0.8367368076739243,
        17.684959205639174,
        0.011276444272969106,
        -0.03031652512379075,
        0.018511034958898075,
        0.023917249150304257,
        -0.005092630256749945,
        0.012407357847453874,
        -1.0277226664577828,
        0.0
      ],
      [
        -18513.353995012905,
        94651.67738929769,
        55.479630547913494,
        178177.93961489812,
        356304.20722496085,
        206220.68390403801,
        -7.658054887589971,
        -179263.16286389026,
        2.4490873672645543,
        19.362304271177138,
        -52803.693077540214,
        7.653742821407838,
        -36489.346371921776,
        75995.69033211649,
        2.697210471063064,
        21.722506901022918,
        24.4493592782011,
        51.78514937316146,
        31.85801962208479,
        34.020374958091026,
        -1674.3483339873094,
        0.0
      ],
      [
        -36979.74647423493,
        188921.8020781945,
        111.07867489221948,
        356304.20722496085,
        712506.0242892571,
        412431.9385498382,
        -15.272939425247422,
        -358469.5287469177,
        4.898700356586793,
        38.59711044730811,
        -105615.32045921592,
        15.274381385786397,
        -72954.46136773063,
        151954.68135572723,
        5.495206118092998,
        43.37492075388043,
        48.82398286065701,
        103.58311321146823,
        63.94550277164882,
        68.04298578687039,
        -3352.6993854268544,
        0.0
      ],
      [
        -16382.547419708966,
        16932.19224899792,
        67.1088475149208,
        206220.68390403801,
        412431.9385498382,
        252065.62562391444,
        -8.740024053723861,
        -205251.76204482449,
        2.851591127670365,
        20.11524052461514,
        -58964.01975022746,
        20.926795295082567,
        -38845.27532051552,
        84349.57338275122,
        28.291780199769534,
        11.310627369169941,
        15.954789174502414,
        77.71498956325692,
        76.92578127412906,
        72.23072395160885,
        -3229.8064306608426,
        0.0
      ],
      [
        -16.285797118982863,
        0.4568296720925289,
        -0.11902810600605938,
        -7.658054887589971,
        -15.272939425247422,
        -8.740024053723861,
        0.10317707021234285,
        10.386643865737293,
        0.0006928796839884481,
        -0.03496333166959779,
        23.634456261197215,
        -0.007681349032279142,
        1.2741762607116474,
        -2.13586375686154,
        0.0034086109569602886,
        -0.001245722753309789,
        -0.008823340207388914,
        -0.02532285925801113,
        0.01424450112202506,
        -0.015574379328864137,
        0.6299074293071484,
        0.0
      ],
      [
        -38726.94759530063,
        -105301.032509248,
        -44.24103261515086,
        -179263.16286389026,
        -358469.5287469177,
        -205251.76204482449,
        10.386643865737293,
        213337.71332675056,
        -2.5301283363530933,
        -28.729373970402094,
        64276.49114628893,
        -9.301922561313429,
        49679.5027107635,
        -77886.77227109134,
        -0.0040049847560021876,
        -46.125262416110644,
        -7.400062112079403,
        -68.29080197663109,
        -56.38613179479664,
        -53.86771573215813,
        1350.460989907711,
        0.0
      ],
      [
        0.022420653813400256,
        1.1185523278477882,
        0.0004880028022928391,
        2.4490873672645543,
        4.898700356586793,
        2.851591127670365,
        0.0006928796839884481,
        -2.5301283363530933,
        0.0017851063631072327,
        -0.001420284313031773,
        -1.008371112285775,
        -0.0037577304224031246,
        -0.50774454676857,
        1.024693019722715,
        0.002165803739305825,
        -0.002048503489010421,
        -0.004642801556862478,
        0.0028486222656519504,
        0.005282753278591872,
        0.01576032694353213,
        -0.2133566066713042,
        0.0
      ],
      [
        22.373389689068443,
        20.86418003270721,
        -0.01284282952769726,
        19.362304271177138,
        38.59711044730811,
        20.11524052461514,
        -0.03496333166959779,
        -28.729373970402094,
        -0.001420284313031773,
        0.09077192969552218,
        -24.129236660830426,
        0.010217557042514229,
        -6.914332751824942,
        8.22365151613102,
        -0.017693647530990238,
        0.026625121090134034,
        0.00038055008397966633,
        0.013729748767466379,
        -0.0009024568169778359,
        0.0010502146570208451,
        0.021147286390899127,
        0.0
      ],
      [
        -64868.80405412844,
        -20530.379694159317,
        -93.79905156341952,
        -52803.693077540214,
        -105615.32045921592,
        -58964.01975022746,
        23.634456261197215,
        64276.49114628893,
        -1.008371112285775,
        -24.129236660830426,
        106285.37631644949,
        21.708161642922626,
        9494.318036268012,
        -18267.392032240194,
        1.4061657650417345,
        12.096688890744396,
        -8.450750552218262,
        -13.8160156974977,
        -15.84189439691185,
        -14.477473629929271,
        272.529879470664,
        0.0
      ],
      [
        -3.5634866678893187,
        -74.69040853950989,
        -0.012753914687490339,
        7.653742821407838,
        15.274381385786397,
        20.926795295082567,
        -0.007681349032279142,
        -9.301922561313429,
        -0.0037577304224031246,
        0.010217557042514229,
        21.708161642922626,
        0.24901169582580793,
        -1.481048736139063,
        1.4040552010760194,
        0.024711684510127764,
        0.019492638506507,
        -0.01810442844019622,
        0.0385702603798211,
        0.04603522911691437,
        -0.011959959695667922,
        -1.108418413911566,
        0.0
      ],
      [
        -13494.640004445828,
        -42215.443607725196,
        -0.8367368076739243,
        -36489.346371921776,
        -72954.46136773063,
        -38845.27532051552,
        1.2741762607116474,
        49679.5027107635,
        -0.50774454676857,
        -6.914332751824942,
        9494.318036268012,
        -1.481048736139063,
        13462.934117552166,
        -17140.696441754968,
        5.356694897859033,
        -18.13026311455264,
        -0.5504625106460774,
        -13.880094841579977,
        -8.111055748774636,
        -8.107225476436339,
        -23.647121432890522,
        0.0
      ],
      [
        -10833.707830241523,
        66403.39587865959,
        17.684959205639174,
        75995.69033211649,
        151954.68135572723,
        84349.57338275122,
        -2.13586375686154,
        -77886.77227109134,
        1.024693019722715,
        8.22365151613102,
        -18267.392032240194,
        1.4040552010760194,
        -17140.696441754968,
        33709.036714139904,
        -5.656034626484626,
        15.20679329340428,
        12.875272675113923,
        17.97831588193232,
        3.487978893761353,
        6.11882464379252,
        -359.6444127421369,
        0.0
      ],
      [
        12.649310581911914,
        -173.1246805713781,
        0.011276444272969106,
        2.697210471063064,
        5.495206118092998,
        28.291780199769534,
        0.0034086109569602886,
        -0.0040049847560021876,
        0.002165803739305825,
        -0.017693647530990238,
        1.4061657650417345,
        0.024711684510127764,
        5.356694897859033,
        -5.656034626484626,
        0.1431934376073403,
        -0.07224955274892483,
        -0.029584636884814004,
        0.03490445518124523,
        0.09165526542795119,
        0.04864155199436469,
        -2.5847367748443792,
        0.0
      ],
      [
        14.95654555314341,
        110.00747091805087,
        -0.03031652512379075,
        21.722506901022918,
        43.37492075388043,
        11.310627369169941,
        -0.001245722753309789,
        -46.125262416110644,
        -0.002048503489010421,
        0.026625121090134034,
        12.096688890744396,
        0.019492638506507,
        -18.13026311455264,
        15.20679329340428,
        -0.07224955274892483,
        0.19478528046090163,
        -0.012864012791119522,
        0.0029993311419901636,
        -0.0675744076762275,
        -0.07911777807099712,
        2.7593916574444934,
        0.0
      ],
      [
        -38.163096288150975,
        100.38920609150468,
        0.018511034958898075,
        24.4493592782011,
        48.82398286065701,
        15.954789174502414,
        -0.008823340207388914,
        -7.400062112079403,
        -0.004642801556862478,
        0.00038055008397966633,
        -8.450750552218262,
        -0.01810442844019622,
        -0.5504625106460774,
        12.875272675113923,
        -0.029584636884814004,
        -0.012864012791119522,
        0.12415183370074254,
        0.003015136009341034,
        -0.10342497809592077,
        -0.052391577430814816,
        -1.1058180080588242,
        0.0
      ],
      [
        32.49438690471613,
        -97.01757311156318,
        0.023917249150304257,
        51.78514937316146,
        103.58311321146823,
        77.71498956325692,
        -0.02532285925801113,
        -68.29080197663109,
        0.0028486222656519504,
        0.013729748767466379,
        -13.8160156974977,
        0.0385702603798211,
        -13.880094841579977,
        17.97831588193232,
        0.03490445518124523,
        0.0029993311419901636,
        0.003015136009341034,
        0.18668789193861338,
        0.12831900797379003,
        0.1278286783738184,
        -6.530739519195883,
        0.0
      ],
      [
        68.45092048579937,
        -265.14117859455285,
        -0.005092630256749945,
        31.85801962208479,
        63.94550277164882,
        76.92578127412906,
        0.01424450112202506,
        -56.38613179479664,
        0.005282753278591872,
        -0.0009024568169778359,
        -15.84189439691185,
        0.04603522911691437,
        -8.111055748774636,
        3.487978893761353,
        0.09165526542795119,
        -0.0675744076762275,
        -0.10342497809592077,
        0.12831900797379003,
        0.47915050221383154,
        0.01972332488432993,
        -5.989660707065145,
        0.0
      ],
      [
        54.52708346768054,
        -214.12911628384825,
        0.012407357847453874,
        34.020374958091026,
        68.04298578687039,
        72.23072395160885,
        -0.015574379328864137,
        -53.86771573215813,
        0.01576032694353213,
        0.0010502146570208451,
        -14.477473629929271,
        -0.011959959695667922,
        -8.107225476436339,
        6.11882464379252,
        0.04864155199436469,
        -0.07911777807099712,
        -0.052391577430814816,
        0.1278286783738184,
        0.01972332488432993,
        0.4836783702039113,
        -7.620545485992777,
        0.0
      ],
      [
        -109.96121349058862,
        8016.22417348476,
        -1.0277226664577828,
        -1674.3483339873094,
        -3352.6993854268544,
        -3229.8064306608426,
        0.6299074293071484,
        1350.460989907711,
        -0.2133566066713042,
        0.021147286390899127,
        272.529879470664,
        -1.108418413911566,
        -23.647121432890522,
        -359.6444127421369,
        -2.5847367748443792,
        2.7593916574444934,
        -1.1058180080588242,
        -6.530739519195883,
        -5.989660707065145,
        -7.620545485992777,
        375.7345837376303,
        0.0
      ],
      [
        0.0,
        0.0,
        0.0,
        0.0,
        0.0,
        0.0,
        0.0,
        0.0,
        0.0,
        0.0,
        0.0,
        0.0,
        0.0,
        0.0,
        0.0,
        0.0,
        0.0,
        0.0,
        0.0,
        0.0,
        0.0,
        1000000.0
      ]
    ],
    [
      [
        47056.74426300864,
        53923.83316633155,
        29.193930295390317,
        22218.77176177247,
        44467.568223660724,
        53157.55575491389,
        -14.330348354371214,
        -55197.98185285805,
        1.8682435719090607,
        7.937558186935316,
        -56379.480858844996,
        2.1677815055445837,
        -1127.0549643211755,
        -2965.2455821283484,
        5.962993702469705,
        -2.8463179693264817,
        -13.735035105261876,
        -4.5575140041327975,
        13.871072741052075,
        -33.38943272152805,
        796.7546509284541,
        0.0
      ],
      [
        53923.83316633155,
        106791.68225181526,
        27.73254461396131,
        54070.61376358729,
        108167.60817573333,
        109111.95430635958,
        -23.464341631049695,
        -109251.5053075718,
        -0.4880956412177382,
        10.348783961417364,
        -49074.332227648534,
        -4.901620799302266,
        26695.340533751885,
        -48306.30564301373,
        19.812237105757653,
        5.253359862639453,
        -53.576341928127604,
        -45.84118080182887,
        26.980074688462416,
        -124.17190522339959,
        3345.366361674423,
        0.0
      ],
      [
        29.193930295390317,
        27.73254461396131,
        0.17145102885464353,
        10.23414134993974,
        20.576179827266095,
        27.49266811699429,
        -0.08312830671112868,
        -29.272252736580654,
        -0.000292498758214579,
        -0.009328104736264064,
        -38.940973599285684,
        0.024853191597572245,
        -2.113430481747522,
        4.927469086857883,
        0.002904460868036886,
        -0.005179096498561639,
        0.0015625006305260087,
        0.016347285475308622,
        0.014185994047084954,
        -0.02170976965299431,
        -0.20135368780347884,
        0.0
      ],
      [
        22218.77176177247,
        54070.61376358729,
        10.23414134993974,
        28709.917110335133,
        57428.92023625576,
        55831.93958704697,
        -11.3012041574941,
        -55402.731125237755,
        -0.7928252134313618,
        4.549791281034864,
        -16862.676642086924,
        -3.6722242044614477,
        17422.362754316175,
        -29930.059174774087,
        11.244496013932245,
        4.006906860520073,
        -30.4215956221853,
        -27.67129341860339,
        13.678525171194186,
        -70.39220726046497,
        1905.5339050471198,
        0.0
      ],
      [
        44467.568223660724,
        108167.60817573333,
        20.576179827266095,
        57428.92023625576,
        114876.19267978141,
        111689.7403500215,
        -22.62536292495986,
        -110833.23420511986,
        -1.5861637277933758,
        9.076841770238927,
        -33765.99602657818,
        -7.3306545601169155,
        34840.935821876104,
        -59852.97246198653,
        22.487475950717794,
        8.027631246743212,
        -60.8424225710474,
        -55.335230192157375,
        27.376979941340778,
        -140.83026964543555,
        3811.2649672363677,
        0.0
      ],
      [
        53157.55575491389,
        109111.95430635958,
        27.49266811699429,
        55831.93958704697,
        111689.7403500215,
        112058.03205593328,
        -24.042335463167174,
        -112087.18974113042,
        -0.7790639728302875,
        10.282313012195742,
        -48031.9277676631,
        -5.301675002502965,
        29780.96637816397,
        -50973.76692938293,
        21.55510167750034,
        5.461817762691387,
        -56.2470842198047,
        -48.90828185016122,
        28.197160890320244,
        -130.65807859654598,
        3482.964050435806,
        0.0
      ],
      [
        -14.330348354371214,
        -23.464341631049695,
        -0.08312830671112868,
        -11.3012041574941,
        -22.62536292495986,
        -24.042335463167174,
        0.06142136456259009,
        24.4334978321614,
        -0.0003407204225755582,
        -0.005369230146090318,
        15.678704389108766,
        -0.01922531951807871,
        -5.073450289459273,
        7.409054902019843,
        0.0015162659206398202,
        -0.0014326670451946942,
        0.014238252213521336,
        5.51329631639802e-05,
        -0.01484123753724976,
        0.019767959142471758,
        -0.5436921623359497,
        0.0
      ],
      [
        -55197.98185285805,
        -109251.5053075718,
        -29.272252736580654,
        -55402.731125237755,
        -110833.23420511986,
        -112087.18974113042,
        24.4334978321614,
        112370.90560586323,
        0.6013321261421944,
        -10.555095001317941,
        51641.7934775756,
        4.745907942306226,
        -28790.243175078685,
        48630.9641438124,
        -21.53098293930859,
        -4.743991605527654,
        55.117643894534446,
        47.364891388483684,
        -28.51476712716881,
        128.27227778775483,
        -3393.704550342307,
        0.0
      ],
      [
        1.8682435719090607,
        -0.4880956412177382,
        -0.000292498758214579,
        -0.7928252134313618,
        -1.5861637277933758,
        -0.7790639728302875,
        -0.0003407204225755582,
        0.6013321261421944,
        0.0038465078595098065,
        -0.0002677447054474874,
        -2.7967592328832183,
        0.0007517473460193342,
        -2.0204876651502808,
        2.284745875067517,
        -0.0009575888286657759,
        0.0013153594117240204,
        -0.016003945644090887,
        0.0026321743015118386,
        0.029005809551152915,
        0.017438367811223564,
        -0.19062060120047208,
        0.0
      ],
      [
        7.937558186935316,
        10.348783961417364,
        -0.009328104736264064,
        4.549791281034864,
        9.076841770238927,
        10.282313012195742,
        -0.005369230146090318,
        -10.555095001317941,
        -0.0002677447054474874,
        0.02249115971410174,
        -9.02401546864844,
        0.00780986243055633,
        0.5186413733097264,
        -1.7624165796248084,
        -0.005255562192417471,
        -0.0010529007532812857,
        -0.00013727312934628616,
        -0.0032855273603423275,
        0.005118191461755986,
        -0.006095440457827695,
        0.25981677520742125,
        0.0
      ],
      [
        -56379.480858844996,
        -49074.332227648534,
        -38.940973599285684,
        -16862.676642086924,
        -33765.99602657818,
        -48031.9277676631,
        15.678704389108766,
        51641.7934775756,
        -2.7967592328832183,
        -9.02401546864844,
        76901.7439569103,
        -5.982534517042503,
        6980.186595084231,
        -14371.276031182177,
        -5.717575179115271,
        8.10178995477059,
        5.437522007995569,
        -4.343867774150901,
        -15.295914910221594,
        14.881544065855584,
        -156.43329997265988,
        0.0
      ],
      [
        2.1677815055445837,
        -4.901620799302266,
        0.024853191597572245,
        -3.6722242044614477,
        -7.3306545601169155,
        -5.301675002502965,
        -0.01922531951807871,
        4.745907942306226,
        0.0007517473460193342,
        0.00780986243055633,
        -5.982534517042503,
        0.15960116606935656,
        -3.8185846590812655,
        7.799608601321654,
        -0.001080791250671661,
        -0.005234056770076984,
        -0.00020096460406333292,
        0.014949697133856604,
        -0.1268285636288532,
        0.07643416952832005,
        -0.1584482088723196,
        0.0
      ],
      [
        -1127.0549643211755,
        26695.340533751885,
        -2.113430481747522,
        17422.362754316175,
        34840.935821876104,
        29780.96637816397,
        -5.073450289459273,
        -28790.243175078685,
        -2.0204876651502808,
        0.5186413733097264,
        6980.186595084231,
        -3.8185846590812655,
        21722.88108217429,
        -25419.79341992236,
        11.459602892584234,
        3.6503136116887225,
        -23.73351281282852,
        -26.657009960546624,
        9.017292582503549,
        -56.5452174593161,
        1410.879940095776,
        0.0
      ],
      [
        -2965.2455821283484,
        -48306.30564301373,
        4.927469086857883,
        -29930.059174774087,
        -59852.97246198653,
        -50973.76692938293,
        7.409054902019843,
        48630.9641438124,
        2.284745875067517,
        -1.7624165796248084,
        -14371.276031182177,
        7.799608601321654,
        -25419.79341992236,
        46615.38385098886,
        -11.52845990002655,
        -9.38815724769113,
        37.24766482891483,
        37.83332191820813,
        -10.439170686952728,
        85.01635303972678,
        -2437.8114560734325,
        0.0
      ],
      [
        5.962993702469705,
        19.812237105757653,
        0.002904460868036886,
        11.244496013932245,
        22.487475950717794,
        21.55510167750034,
        0.0015162659206398202,
        -21.53098293930859,
        -0.0009575888286657759,
        -0.005255562192417471,
        -5.717575179115271,
        -0.001080791250671661,
        11.459602892584234,
        -11.52845990002655,
        0.06294254684414576,
        -0.027958553615482537,
        0.006914905656734711,
        -0.009740818129068803,
        -0.03755020256461243,
        -0.02091087584789881,
        -0.3693203410176242,
        0.0
      ],
      [
        -2.8463179693264817,
        5.253359862639453,
        -0.005179096498561639,
        4.006906860520073,
        8.027631246743212,
        5.461817762691387,
        -0.0014326670451946942,
        -4.743991605527654,
        0.0013153594117240204,
        -0.0010529007532812857,
        8.10178995477059,
        -0.005234056770076984,
        3.6503136116887225,
        -9.38815724769113,
        -0.027958553615482537,
        0.08599510383100267,
        -0.004359163770047201,
        0.004395515254155831,
        0.07884118623264419,
        -0.06013929555850776,
        -0.07115203740020759,
        0.0
      ],
      [
        -13.735035105261876,
        -53.576341928127604,
        0.0015625006305260087,
        -30.4215956221853,
        -60.8424225710474,
        -56.2470842198047,
        0.014238252213521336,
        55.117643894534446,
        -0.016003945644090887,
        -0.00013727312934628616,
        5.437522007995569,
        -0.00020096460406333292,
        -23.73351281282852,
        37.24766482891483,
        0.006914905656734711,
        -0.004359163770047201,
        0.2716904685622793,
        0.15048939791757762,
        -0.1649009967554994,
        0.04836596074565354,
        -9.453062390257635,
        0.0
      ],
      [
        -4.5575140041327975,
        -45.84118080182887,
        0.016347285475308622,
        -27.67129341860339,
        -55.335230192157375,
        -48.90828185016122,
        5.51329631639802e-05,
        47.364891388483684,
        0.0026321743015118386,
        -0.0032855273603423275,
        -4.343867774150901,
        0.014949697133856604,
        -26.657009960546624,
        37.83332191820813,
        -0.009740818129068803,
        0.004395515254155831,
        0.15048939791757762,
        0.6532793437790689,
        -0.33823706718460345,
        0.1603262773114193,
        -14.389635578183924,
        0.0
      ],
      [
        13.871072741052075,
        26.980074688462416,
        0.014185994047084954,
        13.678525171194186,
        27.376979941340778,
        28.197160890320244,
        -0.01484123753724976,
        -28.51476712716881,
        0.029005809551152915,
        0.005118191461755986,
        -15.295914910221594,
        -0.1268285636288532,
        9.017292582503549,
        -10.439170686952728,
        -0.03755020256461243,
        0.07884118623264419,
        -0.1649009967554994,
        -0.33823706718460345,
        1.3321396982200677,
        -0.3248482316363742,
        1.6853302830879162,
        0.0
      ],
      [
        -33.38943272152805,
        -124.17190522339959,
        -0.02170976965299431,
        -70.39220726046497,
        -140.83026964543555,
        -130.65807859654598,
        0.019767959142471758,
        128.27227778775483,
        0.017438367811223564,
        -0.006095440457827695,
        14.881544065855584,
        0.07643416952832005,
        -56.5452174593161,
        85.01635303972678,
        -0.02091087584789881,
        -0.06013929555850776,
        0.04836596074565354,
        0.1603262773114193,
        -0.3248482316363742,
        0.5161540120292224,
        -8.477331869668928,
        0.0
      ],
      [
        796.7546509284541,
        3345.366361674423,
        -0.20135368780347884,
        1905.5339050471198,
        3811.2649672363677,
        3482.964050435806,
        -0.5436921623359497,
        -3393.704550342307,
        -0.19062060120047208,
        0.25981677520742125,
        -156.43329997265988,
        -0.1584482088723196,
        1410.879940095776,
        -2437.8114560734325,
        -0.3693203410176242,
        -0.07115203740020759,
        -9.453062390257635,
        -14.389635578183924,
        1.6853302830879162,
        -8.477331869668928,
        672.4604843308247,
        0.0
      ],
      [
        0.0,
        0.0,
        0.0,
        0.0,
        0.0,
        0.0,
        0.0,
        0.0,
        0.0,
        0.0,
        0.0,
        0.0,
        0.0,
        0.0,
        0.0,
        0.0,
        0.0,
        0.0,
        0.0,
        0.0,
        0.0,
        1000000.0
      ]
    ],
    [
      [
        244136.50302262188,
        30550.540627122693,
        10.749760973698363,
        6706.602632735128,
        13506.37213755348,
        -21775.245100627355,
        -32.74143352810549,
        -39501.696404048045,
        0.5969595257045148,
        33.667839003450894,
        -114383.76006538387,
        -32.40527355054334,
        -4084.597272873221,
        -7439.002715593237,
        -8.503150746423326,
        -10.742554643522137,
        -11.970755608533947,
        3.242166089055869,
        32.4658504731768,
        28.233877239100146,
        -101.69125558086259,
        0.0
      ],
      [
        30550.540627122693,
        527951.0009506128,
        -5.182144580344974,
        26.925191748397996,
        75.40559224629855,
        -17884.32907472778,
        -4.890833533155706,
        -146077.01884913543,
        -0.3976400891603662,
        -6.48169729013645,
        7138.218567004121,
        6.994407372207615,
        35028.793892160786,
        -44351.31839441997,
        -33.26032406266944,
        129.06306170738517,
        25.391021702224215,
        -77.04665872308743,
        -187.01399820230512,
        -173.32532983070112,
        2735.568690792968,
        0.0
      ],
      [
        10.749760973698363,
        -5.182144580344974,
        0.27081497567801927,
        -39.67025856260656,
        -79.1435358919011,
        -1.4968175080607433,
        -0.1074137986054944,
        -15.994876151193244,
        -0.0035078563082092847,
        -0.02974215463227583,
        -47.49608924153116,
        -0.035364639339431826,
        3.4155692653495326,
        -9.100106627381372,
        -0.006351521389988081,
        0.020402449369973298,
        -0.005461006079258576,
        -0.0060831957781616545,
        0.008496265673623361,
        -0.04146845536582702,
        0.44600183295622875,
        0.0
      ],
      [
        6706.602632735128,
        26.925191748397996,
        -39.67025856260656,
        26500.040629025058,
        52901.93825672537,
        -2310.149383331615,
        -5.586484022206486,
        -3280.880862907882,
        1.986459632449646,
        26.650269664826858,
        -6881.25745348318,
        7.609146158250608,
        1128.0453781198757,
        -549.2828939316548,
        1.3826015240393454,
        12.625608993250239,
        -7.642004116305474,
        14.252766017078919,
        -3.275524423550138,
        34.01307106560787,
        -337.0406466254749,
        0.0
      ],
      [
        13506.37213755348,
        75.40559224629855,
        -79.1435358919011,
        52901.93825672537,
        105608.09027342459,
        -4634.673284969116,
        -11.164194501479097,
        -6564.877126528524,
        3.9647330645506456,
        53.195874281753476,
        -13820.90101955308,
        15.16726042237692,
        2252.4221277944907,
        -1089.5123245713412,
        2.750804029665376,
        25.18416183265966,
        -15.246684383119113,
        28.463992685429247,
        -6.518729397377715,
        67.91029354549555,
        -674.0101196936762,
        0.0
      ],
      [
        -21775.245100627355,
        -17884.32907472778,
        -1.4968175080607433,
        -2310.149383331615,
        -4634.673284969116,
        12941.076310093827,
        1.9640913870872612,
        4584.4981840354685,
        -0.2703218062751182,
        -0.3699170711930397,
        13353.933663557482,
        -6.601297816200736,
        -104.69914593808312,
        -9456.482854602704,
        1.02318238552105,
        -3.5978088816291036,
        3.8970676779099356,
        -3.0145173990751717,
        -2.543566531385942,
        -10.020172501613644,
        291.40934528286937,
        0.0
      ],
      [
        -32.74143352810549,
        -4.890833533155706,
        -0.1074137986054944,
        -5.586484022206486,
        -11.164194501479097,
        1.9640913870872612,
        0.09807316856236796,
        8.898851968457521,
        -0.0017346334032092624,
        -0.02750664401458156,
        18.814419249377686,
        0.001390339001666679,
        -0.08781609649332103,
        3.9745534279420163,
        0.013325519285071454,
        -0.03151186729383074,
        0.010358663405896442,
        -0.004029556192016243,
        0.003946947989599207,
        -0.03545007857055588,
        -0.17798217967693925,
        0.0
      ],
      [
        -39501.696404048045,
        -146077.01884913543,
        -15.994876151193244,
        -3280.880862907882,
        -6564.877126528524,
        4584.4981840354685,
        8.898851968457521,
        120508.2553008532,
        0.3505578995739961,
        -11.043147961882394,
        56141.92528618823,
        0.5911940786185563,
        -29652.12918269708,
        54296.18714520412,
        -7.37442823288055,
        -80.42597968705084,
        49.54589895463042,
        9.29379808923643,
        -3.854542575620428,
        7.015196852000858,
        -678.2533014747896,
        0.0
      ],
      [
        0.5969595257045148,
        -0.3976400891603662,
        -0.0035078563082092847,
        1.986459632449646,
        3.9647330645506456,
        -0.2703218062751182,
        -0.0017346334032092624,
        0.3505578995739961,
        0.0017383597446830894,
        0.0021960501890962714,
        0.4720000222762645,
        0.002636378910030334,
        -0.09847312322954886,
        0.4308571985461862,
        0.0013258278018854325,
        0.0037521609494363937,
        -0.006637928200639607,
        0.0026719149175369874,
        0.003671828188035537,
        0.012816674326387998,
        -0.12942034490137283,
        0.0
      ],
      [
        33.667839003450894,
        -6.48169729013645,
        -0.02974215463227583,
        26.650269664826858,
        53.195874281753476,
        -0.3699170711930397,
        -0.02750664401458156,
        -11.043147961882394,
        0.0021960501890962714,
        0.0689656599287264,
        -23.020402574957238,
        -0.0024897752182949564,
        0.3458604224497388,
        -7.264866533377562,
        -0.000714187364237925,
        0.016278462480310372,
        -0.020904632486212136,
        0.004399426362281213,
        -0.0013258754218672263,
        0.041559739541748665,
        0.48743834452256984,
        0.0
      ],
      [
        -114383.76006538387,
        7138.218567004121,
        -47.49608924153116,
        -6881.25745348318,
        -13820.90101955308,
        13353.933663557482,
        18.814419249377686,
        56141.92528618823,
        0.4720000222762645,
        -23.020402574957238,
        131629.05083623005,
        42.714638500964185,
        -8739.166836659277,
        22783.07941584644,
        -3.5703870897557692,
        -5.100068938781037,
        33.14548913443156,
        -16.77791311865741,
        -50.755680167357454,
        -30.877562934470433,
        271.77588195459793,
        0.0
      ],
      [
        -32.40527355054334,
        6.994407372207615,
        -0.035364639339431826,
        7.609146158250608,
        15.16726042237692,
        -6.601297816200736,
        0.001390339001666679,
        0.5911940786185563,
        0.002636378910030334,
        -0.0024897752182949564,
        42.714638500964185,
        0.22459530272649586,
        3.4569021927421306,
        10.954505655142494,
        0.004166577385004167,
        0.02173410084122078,
        0.00967421390413351,
        -0.004807278321255104,
        0.013326715124870714,
        0.017215318250783186,
        -1.18896626901089,
        0.0
      ],
      [
        -4084.597272873221,
        35028.793892160786,
        3.4155692653495326,
        1128.0453781198757,
        2252.4221277944907,
        -104.69914593808312,
        -0.08781609649332103,
        -29652.12918269708,
        -0.09847312322954886,
        0.3458604224497388,
        -8739.166836659277,
        3.4569021927421306,
        8971.67807296574,
        -13301.497541724446,
        2.6403640350571598,
        21.272731275464285,
        -13.028211639655298,
        -1.6000393984945305,
        0.5646313252684441,
        -0.5433691280362847,
        83.78366968297115,
        0.0
      ],
      [
        -7439.002715593237,
        -44351.31839441997,
        -9.100106627381372,
        -549.2828939316548,
        -1089.5123245713412,
        -9456.482854602704,
        3.9745534279420163,
        54296.18714520412,
        0.4308571985461862,
        -7.264866533377562,
        22783.07941584644,
        10.954505655142494,
        -13301.497541724446,
        36482.08110054004,
        -4.793212434471262,
        -33.16626231660149,
        21.77538953190126,
        5.060651796386336,
        -5.886867783129418,
        9.391489845099459,
        -577.1677989812297,
        0.0
      ],
      [
        -8.503150746423326,
        -33.26032406266944,
        -0.006351521389988081,
        1.3826015240393454,
        2.750804029665376,
        1.02318238552105,
        0.013325519285071454,
        -7.37442823288055,
        0.0013258278018854325,
        -0.000714187364237925,
        -3.5703870897557692,
        0.004166577385004167,
        2.6403640350571598,
        -4.793212434471262,
        0.08807239793538128,
        0.027785704139668365,
        -0.0322374753370052,
        0.0028528628203637334,
        -0.02787526030371549,
        -0.017901966427467685,
        0.48756141745631937,
        0.0
      ],
      [
        -10.742554643522137,
        129.06306170738517,
        0.020402449369973298,
        12.625608993250239,
        25.18416183265966,
        -3.5978088816291036,
        -0.03151186729383074,
        -80.42597968705084,
        0.0037521609494363937,
        0.016278462480310372,
        -5.100068938781037,
        0.02173410084122078,
        21.272731275464285,
        -33.16626231660149,
        0.027785704139668365,
        0.19815332559962473,
        -0.0493660284012197,
        -0.000943976182853709,
        -0.08259406460670447,
        -0.031723457742490274,
        0.6930454655103819,
        0.0
      ],
      [
        -11.970755608533947,
        25.391021702224215,
        -0.005461006079258576,
        -7.642004116305474,
        -15.246684383119113,
        3.8970676779099356,
        0.010358663405896442,
        49.54589895463042,
        -0.006637928200639607,
        -0.020904632486212136,
        33.14548913443156,
        0.00967421390413351,
        -13.028211639655298,
        21.77538953190126,
        -0.0322374753370052,
        -0.0493660284012197,
        0.17061366321836016,
        0.016067188347872925,
        -0.08865627800842013,
        -0.07774454996897481,
        -2.8310841566575333,
        0.0
      ],
      [
        3.242166089055869,
        -77.04665872308743,
        -0.0060831957781616545,
        14.252766017078919,
        28.463992685429247,
        -3.0145173990751717,
        -0.004029556192016243,
        9.29379808923643,
        0.0026719149175369874,
        0.004399426362281213,
        -16.77791311865741,
        -0.004807278321255104,
        -1.6000393984945305,
        5.060651796386336,
        0.0028528628203637334,
        -0.000943976182853709,
        0.016067188347872925,
        0.12584482107672873,
        0.07123576023420405,
        0.09802225514425196,
        -4.879147458405651,
        0.0
      ],
      [
        32.4658504731768,
        -187.01399820230512,
        0.008496265673623361,
        -3.275524423550138,
        -6.518729397377715,
        -2.543566531385942,
        0.003946947989599207,
