{
  "q_values": [
    -44.25997332884494,
    -78.927013877123,
    -12.206809785576208
  ],
  "weights": [
    [
      -10.0,
      10.0,
      0.022162197224527835,
      -0.3543908129832131,
      0.17719612164012155,
      10.0,
      0.28671797009245026,
      10.0,
      0.29845098004399306,
      -0.32131143757728836,
      -10.0,
      1.157288301432845,
      -10.0,
      10.0,
      1.2432588311708472,
      0.5157013283879675,
      -3.2861618270413793,
      -0.9455686315270468,
      -10.0,
      10.0,
      10.0,
      0.0
    ],
    [
      -10.0,
      10.0,
      0.16697840656735569,
      -10.0,
      -10.0,
      10.0,
      0.4287198407314225,
      -10.0,
      0.15637318768839192,
      0.2536839861771414,
      -10.0,
      -0.3505082530618856,
      -10.0,
      10.0,
      0.5631842279213064,
      0.9530783609850431,
      -2.5671353285121135,
      -1.2577440892255485,
      9.402138002032185,
      6.875229160452493,
      -10.0,
      0.0
    ],
    [
      -10.0,
      3.84096627953636,
      -0.2562492279047006,
      0.5844749421521556,
      -0.29223797941813245,
      10.0,
      0.2588638001805321,
      10.0,
      0.3358952210232795,
      -0.09775954862174085,
      -10.0,
      0.290429976110679,
      -10.0,
      -10.0,
      0.5949974824842776,
      -0.3692188804438201,
      -3.0283133021063904,
      -1.2958955880291887,
      -1.0017526755975298e-08,
      8.594072966463663,
      0.0,
      0.0
    ]
  ],
  "cov_inv_matrices": [
    [
      [
        6225.648644057692,
        8.80766645805108,
        -3.4717438168616965,
        -0.18148568039311902,
        0.09074294439110207,
        -18.340530189482337,
        -0.013853963428445335,
        -7.356545151167282,
        -0.03264693165695495,
        0.36543312534381744,
        -291.4580566902343,
        0.6424005148189773,
        -54.770804070337704,
        -24.655736361176594,
        0.24171217488189128,
        -0.21729774612359792,
        -0.39801526424888745,
        -0.4989100889039197,
        28.270538192306745,
        -3.0937884992301288,
        -40.015566802102754,
        0.0
      ],
      [
        8.80766645805108,
        6464.9380278399985,
        -0.6528396247997456,
        0.6661220979246304,
        -0.33306114004805487,
        -243.0249484776485,
        -0.09217948787292893,
        -402.0863808213114,
        0.010122652490236132,
        0.44647389034549695,
        134.04864574968948,
        -1.5406323656367067,
        -78.6984603366725,
        -36.6877317982272,
        -2.094790890619068,
        1.350184286250089,
        1.3414684984214373,
        0.23270475568143445,
        -28.881745224174402,
        0.4809822963199768,
        32.03714711413178,
        0.0
      ],
      [
        -3.4717438168616965,
        -0.6528396247997456,
        0.12828079318068325,
        -0.021736262653067107,
        0.010868129611661843,
        0.5841795966982221,
        -0.061970775451916996,
        0.1338105778750556,
        0.0005539124395289533,
        -0.014491999996949962,
        -2.026398246482761,
        -0.006490121365364785,
        -1.2679819422678358,
        -0.41244611784229956,
        0.000612489033128718,
        0.005359222365957986,
        0.008663972252473354,
        0.0038741525157496375,
        0.034118021440919244,
        -0.00795166183062107,
        -0.3570313418022819,
        0.0
      ],
      [
        -0.18148568039311902,
        0.6661220979246304,
        -0.021736262653067107,
        1353.3918798902444,
        2706.7310956045953,
        -0.14830327959270523,
        -0.001172321689910647,
        -0.3970114263918972,
        0.0003447422287980212,
        0.011534727100544994,
        0.10316713701614444,
        -4.721541018492056e-05,
        0.05170690239353358,
        -0.010938807001487888,
        -0.0002709867127424125,
        0.008323527836755641,
        0.00209755917912721,
        -6.264496433706751e-05,
        0.13765955150902234,
        -0.019056381424954867,
        -0.06905006069965355,
        0.0
      ],
      [
        0.09074294439110207,
        -0.33306114004805487,
        0.010868129611661843,
        2706.7310956045953,
        5413.488523302103,
        0.07415164764442002,
        0.00058616319360888,
        0.19850573833906401,
        -0.00017237146321558895,
        -0.0057673657776494205,
        -0.051583432972716246,
        2.3610522898542532e-05,
        -0.02585311309360257,
        0.005469340493385426,
        0.00013549229126022126,
        -0.0041617637886299,
        -0.0010487824390466955,
        3.132375006022259e-05,
        -0.0688297735120432,
        0.009528193275644792,
        0.034525075664021444,
        0.0
      ],
      [
        -18.340530189482337,
        -243.0249484776485,
        0.5841795966982221,
        -0.14830327959270523,
        0.07415164764442002,
        6197.637657811513,
        -0.49370386261987703,
        -847.4365487640182,
        0.0058411462154860224,
        -0.40283890847500026,
        238.86926322456526,
        -2.0735152789204143,
        -28.987748320050684,
        -56.082696052289414,
        -1.3815244580386679,
        -3.1416601087475238,
        1.8308935874061294,
        0.3141503095224812,
        -1.809058480370637,
        -1.3057859837495172,
        38.29317309744775,
        0.0
      ],
      [
        -0.013853963428445335,
        -0.09217948787292893,
        -0.061970775451916996,
        -0.001172321689910647,
        0.00058616319360888,
        -0.49370386261987703,
        0.048813467313133505,
        -0.03609901170915987,
        -0.0003834882853996123,
        -0.002743848958161057,
        -0.17363483134760893,
        0.00320893613871004,
        -0.268497891142791,
        0.08202372322805422,
        -0.0006051812062984236,
        -0.0069666546630201675,
        -0.004902122264040444,
        -0.0007295964922756893,
        -0.0834337688263373,
        0.014043961435150586,
        0.46664750964361246,
        0.0
      ],
      [
        -7.356545151167282,
        -402.0863808213114,
        0.1338105778750556,
        -0.3970114263918972,
        0.19850573833906401,
        -847.4365487640182,
        -0.03609901170915987,
        5319.609144620546,
        0.029574994902707236,
        -0.48702922246281644,
        461.19849971617305,
        -3.095761720897131,
        -60.661022114056564,
        -81.14722186590822,
        -3.166160916909915,
        -5.956233700565408,
        2.7220281889842997,
        0.51939700152684,
        -6.4274769273677546,
        -1.0011779621366106,
        86.25271457506102,
        0.0
      ],
      [
        -0.03264693165695495,
        0.010122652490236132,
        0.0005539124395289533,
        0.0003447422287980212,
        -0.00017237146321558895,
        0.0058411462154860224,
        -0.0003834882853996123,
        0.029574994902707236,
        0.0006732680128765785,
        0.0003015772013954558,
        -0.037595136222544304,
        -0.001258301129349094,
        -0.13539174659317899,
        -0.009979253955750382,
        -0.0004247822006642384,
        0.00020842446651270514,
        0.004742187613719824,
        -0.0003648309421493224,
        0.008690212157762242,
        -0.004373599787169216,
        0.038400240409236217,
        0.0
      ],
      [
        0.36543312534381744,
        0.44647389034549695,
        -0.014491999996949962,
        0.011534727100544994,
        -0.0057673657776494205,
        -0.40283890847500026,
        -0.002743848958161057,
        -0.48702922246281644,
        0.0003015772013954558,
        0.023181764772108485,
        -0.6543709875907123,
        -0.0026614040069234965,
        0.011202261731789941,
        -0.2226909373126517,
        -0.0016070842253735579,
        0.0039012124586638493,
        0.003129507722509195,
        -0.0033513071679639856,
        -0.2893601304463006,
        0.02658688586814723,
        -0.1199764153344919,
        0.0
      ],
      [
        -291.4580566902343,
        134.04864574968948,
        -2.026398246482761,
        0.10316713701614444,
        -0.051583432972716246,
        238.86926322456526,
        -0.17363483134760893,
        461.19849971617305,
        -0.037595136222544304,
        -0.6543709875907123,
        6167.8396482792305,
        1.461647001393953,
        -8.582346336602761,
        21.862639914028602,
        1.1665164448633507,
        1.5844285947945245,
        -0.6163330150083532,
        -0.518432267104012,
        34.562864143250486,
        -4.134585285746695,
        -49.28694580214294,
        0.0
      ],
      [
        0.6424005148189773,
        -1.5406323656367067,
        -0.006490121365364785,
        -4.721541018492056e-05,
        2.3610522898542532e-05,
        -2.0735152789204143,
        0.00320893613871004,
        -3.095761720897131,
        -0.001258301129349094,
        -0.0026614040069234965,
        1.461647001393953,
        0.12992413573510625,
        -0.392004555991611,
        -1.3714235416003777,
        -0.005247425145502943,
        0.006823560957643858,
        -0.01639224356376577,
        -0.004442697951230456,
        0.5197631595000061,
        -0.042094641569921334,
        -0.22068220646709202,
        0.0
      ],
      [
        -54.770804070337704,
        -78.6984603366725,
        -1.2679819422678358,
        0.05170690239353358,
        -0.02585311309360257,
        -28.987748320050684,
        -0.268497891142791,
        -60.661022114056564,
        -0.13539174659317899,
        0.011202261731789941,
        -8.582346336602761,
        -0.392004555991611,
        3642.664774985538,
        -1358.6931893840774,
        1.8995987495040012,
        -0.7105565391321873,
        -1.0282872382838641,
        0.41405825772810745,
        -99.92364873228597,
        10.349394463387792,
        -109.24322852880141,
        0.0
      ],
      [
        -24.655736361176594,
        -36.6877317982272,
        -0.41244611784229956,
        -0.010938807001487888,
        0.005469340493385426,
        -56.082696052289414,
        0.08202372322805422,
        -81.14722186590822,
        -0.009979253955750382,
        -0.2226909373126517,
        21.862639914028602,
        -1.3714235416003777,
        -1358.6931893840774,
        5600.784239217299,
        0.5103373391378428,
        -0.32828264789249667,
        -0.07137555218683715,
        -0.12942333360439232,
        60.01911163344542,
        -6.751735772609045,
        -27.79660805673239,
        0.0
      ],
      [
        0.24171217488189128,
        -2.094790890619068,
        0.000612489033128718,
        -0.0002709867127424125,
        0.00013549229126022126,
        -1.3815244580386679,
        -0.0006051812062984236,
        -3.166160916909915,
        -0.0004247822006642384,
        -0.0016070842253735579,
        1.1665164448633507,
        -0.005247425145502943,
        1.8995987495040012,
        0.5103373391378428,
        0.05686554571074322,
        -0.010164298672213407,
        -0.0058793821354864596,
        -0.0061272299319740636,
        0.8945377924057933,
        -0.1147927154661888,
        -1.0671962904661962,
        0.0
      ],
      [
        -0.21729774612359792,
        1.350184286250089,
        0.005359222365957986,
        0.008323527836755641,
        -0.0041617637886299,
        -3.1416601087475238,
        -0.0069666546630201675,
        -5.956233700565408,
        0.00020842446651270514,
        0.0039012124586638493,
        1.5844285947945245,
        0.006823560957643858,
        -0.7105565391321873,
        -0.32828264789249667,
        -0.010164298672213407,
        0.09299526197891825,
        0.0023152707169504807,
        -0.002094928520971524,
        -0.7353531054013145,
        0.05414762397683456,
        -0.8874237441920372,
        0.0
      ],
      [
        -0.39801526424888745,
        1.3414684984214373,
        0.008663972252473354,
        0.00209755917912721,
        -0.0010487824390466955,
        1.8308935874061294,
        -0.004902122264040444,
        2.7220281889842997,
        0.004742187613719824,
        0.003129507722509195,
        -0.6163330150083532,
        -0.01639224356376577,
        -1.0282872382838641,
        -0.07137555218683715,
        -0.0058793821354864596,
        0.0023152707169504807,
        0.06110529215650128,
        -0.0034609669280563898,
        -0.11472552565166752,
        -0.02827561583569412,
        0.7132234191683884,
        0.0
      ],
      [
        -0.4989100889039197,
        0.23270475568143445,
        0.0038741525157496375,
        -6.264496433706751e-05,
        3.132375006022259e-05,
        0.3141503095224812,
        -0.0007295964922756893,
        0.51939700152684,
        -0.0003648309421493224,
        -0.0033513071679639856,
        -0.518432267104012,
        -0.004442697951230456,
        0.41405825772810745,
        -0.12942333360439232,
        -0.0061272299319740636,
        -0.002094928520971524,
        -0.0034609669280563898,
        0.03879493481191933,
        -0.15110433239628865,
        0.04251422298223305,
        1.5030821400348058,
        0.0
      ],
      [
        28.270538192306745,
        -28.881745224174402,
        0.034118021440919244,
        0.13765955150902234,
        -0.0688297735120432,
        -1.809058480370637,
        -0.0834337688263373,
        -6.4274769273677546,
        0.008690212157762242,
        -0.2893601304463006,
        34.562864143250486,
        0.5197631595000061,
        -99.92364873228597,
        60.01911163344542,
        0.8945377924057933,
        -0.7353531054013145,
        -0.11472552565166752,
        -0.15110433239628865,
        959.6541319180252,
        -103.41131497579468,
        -91.25932979481281,
        0.0
      ],
      [
        -3.0937884992301288,
        0.4809822963199768,
        -0.00795166183062107,
        -0.019056381424954867,
        0.009528193275644792,
        -1.3057859837495172,
        0.014043961435150586,
        -1.0011779621366106,
        -0.004373599787169216,
        0.02658688586814723,
        -4.134585285746695,
        -0.042094641569921334,
        10.349394463387792,
        -6.751735772609045,
        -0.1147927154661888,
        0.05414762397683456,
        -0.02827561583569412,
        0.04251422298223305,
        -103.41131497579468,
        11.217448216586373,
        11.684342553945168,
        0.0
      ],
      [
        -40.015566802102754,
        32.03714711413178,
        -0.3570313418022819,
        -0.06905006069965355,
        0.034525075664021444,
        38.29317309744775,
        0.46664750964361246,
        86.25271457506102,
        0.038400240409236217,
        -0.1199764153344919,
        -49.28694580214294,
        -0.22068220646709202,
        -109.24322852880141,
        -27.79660805673239,
        -1.0671962904661962,
        -0.8874237441920372,
        0.7132234191683884,
        1.5030821400348058,
        -91.25932979481281,
        11.684342553945168,
        279.8153976912275,
        0.0
      ],
      [
        0.0,
        0.0,
        0.0,
        0.0,
        0.0,
        0.0,
        0.0,
        0.0,
        0.0,
        0.0,
        0.0,
        0.0,
        0.0,
        0.0,
        0.0,
        0.0,
        0.0,
        0.0,
        0.0,
        0.0,
        0.0,
        6766.854071103275
      ]
    ],
    [
      [
        149192.17622015183,
        -3626.5771150737332,
        -38.82111199838731,
        -5464.018691381734,
        -10897.01089033853,
        29796.227181859394,
        1.7654624055522479,
        -32501.947260754456,
        0.14106831924337787,
        13.134565974831759,
        -82483.26435029515,
        0.8560526861718264,
        -3438.73292370384,
        -9086.76367454448,
        0.28850479816411023,
        -6.0378288053679885,
        1.7161492165937013,
        -7.12754892162641,
        -81.99812032245173,
        0.9808574540457449,
        -2718.062390464658,
        0.0
      ],
      [
        -3626.5771150737332,
        377722.3142223207,
        9.411592619258503,
        -61242.391318806556,
        -122525.19989141641,
        -62288.76035849178,
        -6.332402888385181,
        -74766.95793283559,
        0.2659327675744939,
        11.035210050495888,
        -28546.56438194843,
        -38.04463218624896,
        -14923.8027151385,
        4480.758970568388,
        -67.85547546028081,
        124.71060665956549,
        27.63798863533292,
        -8.364166705013563,
        27.604748739961604,
        -112.14950253393866,
        320.46439532628625,
        0.0
      ],
      [
        -38.82111199838731,
        9.411592619258503,
        0.11297127324422013,
        7.157391117424659,
        14.359088594742673,
        24.11754436190587,
        -0.037342725922106655,
        -22.84540282901309,
        -0.0002857057395817858,
        -0.013166709385995998,
        -30.598950110296904,
        -0.001613875194471948,
        -1.5352825398709258,
        0.20691129271670688,
        -0.0035526536492185884,
        7.851938440042443e-05,
        -0.0031023652890409892,
        0.005702277157123197,
        0.0840570884137147,
        -0.0010554737200011344,
        0.2138965274855513,
        0.0
      ],
      [
        -5464.018691381734,
        -61242.391318806556,
        7.157391117424659,
        159535.44217386903,
        319066.6182926575,
        325126.3329595302,
        -2.173417010899785,
        -189443.65610776425,
        -0.367611174053907,
        -1.9654818449725269,
        -21356.750079904195,
        1.7459836827662216,
        19397.19733398947,
        -10739.69680418872,
        27.031822697613908,
        -2.246500666377691,
        -4.909496138900325,
        2.275420769767194,
        48.211521154545565,
        3.659312142332584,
        -87.16002818470471,
        0.0
      ],
      [
        -10897.01089033853,
        -122525.19989141641,
        14.359088594742673,
        319066.6182926575,
        638124.8523789063,
        650246.5668330084,
        -4.339151835234535,
        -378874.41107337613,
        -0.7360205616824589,
        -3.9596459875649095,
        -42728.98296538516,
        3.4979658872624246,
        38797.22207204337,
        -21487.18039490947,
        54.06832113057581,
        -4.5204353434429265,
        -9.826702288736723,
        4.551639830761893,
        96.43571420425796,
        7.337725810692556,
        -175.7400964039116,
        0.0
      ],
      [
        29796.227181859394,
        -62288.76035849178,
        24.11754436190587,
        325126.3329595302,
        650246.5668330084,
        706535.6007929831,
        -4.853195091206892,
        -447045.1852881678,
        -0.6284024459493158,
        2.6120917434639397,
        -131693.52943638686,
        -7.803652305172766,
        34218.27344294172,
        -25338.1805411082,
        44.665592613342774,
        11.091413594570497,
        -5.787522481466246,
        -0.00040914921890272774,
        90.76791870375735,
        -11.566616883619915,
        -1370.3047819058684,
        0.0
      ],
      [
        1.7654624055522479,
        -6.332402888385181,
        -0.037342725922106655,
        -2.173417010899785,
        -4.339151835234535,
        -4.853195091206892,
        0.03198371879772244,
        4.5298305434937065,
        -0.00017664747332255828,
        -0.0059826632803173675,
        -1.0216133496770423,
        0.0009412472863240449,
        -0.7476587755365848,
        1.870789069856854,
        0.0011253914470352767,
        -0.004207908142432151,
        -0.002202137502314308,
        -0.002037003162195517,
        -0.010970330839854657,
        0.002641301388451185,
        -0.32795285202231217,
        0.0
      ],
      [
        -32501.947260754456,
        -74766.95793283559,
        -22.84540282901309,
        -189443.65610776425,
        -378874.41107337613,
        -447045.1852881678,
        4.5298305434937065,
        324533.9678493159,
        0.2825950530353806,
        -6.970245332611539,
        128504.84303788251,
        20.085100664377187,
        -11739.613998500285,
        4402.122746285213,
        -8.299341407648287,
        -42.976859162557346,
        -4.676157701946172,
        4.073607823849226,
        -59.553612661680646,
        41.4218577995273,
        1291.631356798495,
        0.0
      ],
      [
        0.14106831924337787,
        0.2659327675744939,
        -0.0002857057395817858,
        -0.367611174053907,
        -0.7360205616824589,
        -0.6284024459493158,
        -0.00017664747332255828,
        0.2825950530353806,
        0.000519041668564653,
        0.0001869340690952137,
        -0.2139656497744598,
        -0.0008193009232602362,
        -0.1244423903823989,
        0.045902711985271356,
        6.0920772884642265e-05,
        -1.6612124656751023e-05,
        0.004712712317961892,
        -0.00041485630044363765,
        -0.0029297481414884735,
        -0.0033384826737586225,
        0.04589641601106706,
        0.0
      ],
      [
        13.134565974831759,
        11.035210050495888,
        -0.013166709385995998,
        -1.9654818449725269,
        -3.9596459875649095,
        2.6120917434639397,
        -0.0059826632803173675,
        -6.970245332611539,
        0.0001869340690952137,
        0.020683053056107913,
        -11.369267079762789,
        -0.004608412111759322,
        -1.6561324640574109,
        1.3014997174623295,
        -0.0013138214290059121,
        0.003138249932348348,
        0.004043548875983861,
        -0.0017490159184554935,
        -0.025081744244560097,
        -0.003329567770624566,
        0.008541489839657988,
        0.0
      ],
      [
        -82483.26435029515,
        -28546.56438194843,
        -30.598950110296904,
        -21356.750079904195,
        -42728.98296538516,
        -131693.52943638686,
        -1.0216133496770423,
        128504.84303788251,
        -0.2139656497744598,
        -11.369267079762789,
        214016.7997114596,
        17.38352928142661,
        10702.857942922863,
        3250.7985529249327,
        2.9912174394575137,
        3.188320898705681,
        -0.781863732683912,
        8.433978670319714,
        17.1785225996498,
        9.662895343601814,
        2884.842455635597,
        0.0
      ],
      [
        0.8560526861718264,
        -38.04463218624896,
        -0.001613875194471948,
        1.7459836827662216,
        3.4979658872624246,
        -7.803652305172766,
        0.0009412472863240449,
        20.085100664377187,
        -0.0008193009232602362,
        -0.004608412111759322,
        17.38352928142661,
        0.09679527486476698,
        6.514145673919341,
        -15.63753973617132,
        -0.0003563123891013562,
        -0.011914835047737398,
        -0.012212353254702584,
        0.0006849512705943671,
        -0.004050672474948234,
        0.020270908491288965,
        0.05166896388632758,
        0.0
      ],
      [
        -3438.73292370384,
        -14923.8027151385,
        -1.5352825398709258,
        19397.19733398947,
        38797.22207204337,
        34218.27344294172,
        -0.7476587755365848,
        -11739.613998500285,
        -0.1244423903823989,
        -1.6561324640574109,
        10702.857942922863,
        6.514145673919341,
        20909.05295588973,
        -49951.59112449596,
        2.6337014797032334,
        -5.059115634801211,
        -2.19546059490556,
        1.8536519357700048,
        7.972369727457583,
        3.859056733728745,
        34.15053642528099,
        0.0
      ],
      [
        -9086.76367454448,
        4480.758970568388,
        0.20691129271670688,
        -10739.69680418872,
        -21487.18039490947,
        -25338.1805411082,
        1.870789069856854,
        4402.122746285213,
        0.045902711985271356,
        1.3014997174623295,
        3250.7985529249327,
        -15.63753973617132,
        -49951.59112449596,
        145717.95607379457,
        3.6890149392545144,
        10.021746331365614,
        3.080964864915747,
        -2.569200022818709,
        -20.110376406993502,
        -3.5325415884748397,
        55.26528289811516,
        0.0
      ],
      [
        0.28850479816411023,
        -67.85547546028081,
        -0.0035526536492185884,
        27.031822697613908,
        54.06832113057581,
        44.665592613342774,
        0.0011253914470352767,
        -8.299341407648287,
        6.0920772884642265e-05,
        -0.0013138214290059121,
        2.9912174394575137,
        -0.0003563123891013562,
        2.6337014797032334,
        3.6890149392545144,
        0.0528387425647067,
        -0.029082687191125983,
        -0.003115441000503058,
        0.00011524277080354643,
        0.008677913447721595,
        0.00218204130080524,
        0.38040263384016026,
        0.0
      ],
      [
        -6.0378288053679885,
        124.71060665956549,
        7.851938440042443e-05,
        -2.246500666377691,
        -4.5204353434429265,
        11.091413594570497,
        -0.004207908142432151,
        -42.976859162557346,
        -1.6612124656751023e-05,
        0.003138249932348348,
        3.188320898705681,
        -0.011914835047737398,
        -5.059115634801211,
        10.021746331365614,
        -0.029082687191125983,
        0.09765461394300204,
        0.009146876614380926,
        -0.003274701203981291,
        -0.032805108517419426,
        -0.05572521575626385,
        -0.12137169168365655,
        0.0
      ],
      [
        1.7161492165937013,
        27.63798863533292,
        -0.0031023652890409892,
        -4.909496138900325,
        -9.826702288736723,
        -5.787522481466246,
        -0.002202137502314308,
        -4.676157701946172,
        0.004712712317961892,
        0.004043548875983861,
        -0.781863732683912,
        -0.012212353254702584,
        -2.19546059490556,
        3.080964864915747,
        -0.003115441000503058,
        0.009146876614380926,
        0.10337171130853061,
        -0.019841177737500503,
        -0.06625911250777033,
        -0.07995396509915359,
        0.6117170999025375,
        0.0
      ],
      [
        -7.12754892162641,
        -8.364166705013563,
        0.005702277157123197,
        2.275420769767194,
        4.551639830761893,
        -0.00040914921890272774,
        -0.002037003162195517,
        4.073607823849226,
        -0.00041485630044363765,
        -0.0017490159184554935,
        8.433978670319714,
        0.0006849512705943671,
        1.8536519357700048,
        -2.569200022818709,
        0.00011524277080354643,
        -0.003274701203981291,
        -0.019841177737500503,
        0.04905868653203092,
        0.10306198520049153,
        0.042563667726804366,
        2.0960166312087525,
        0.0
      ],
      [
        -81.99812032245173,
        27.604748739961604,
        0.0840570884137147,
        48.211521154545565,
        96.43571420425796,
        90.76791870375735,
        -0.010970330839854657,
        -59.553612661680646,
        -0.0029297481414884735,
        -0.025081744244560097,
        17.1785225996498,
        -0.004050672474948234,
        7.972369727457583,
        -20.110376406993502,
        0.008677913447721595,
        -0.032805108517419426,
        -0.06625911250777033,
        0.10306198520049153,
        3.5526232637878326,
        -0.05399440620205748,
        19.223338611481925,
        0.0
      ],
      [
        0.9808574540457449,
        -112.14950253393866,
        -0.0010554737200011344,
        3.659312142332584,
        7.337725810692556,
        -11.566616883619915,
        0.002641301388451185,
        41.4218577995273,
        -0.0033384826737586225,
        -0.003329567770624566,
        9.662895343601814,
        0.020270908491288965,
        3.859056733728745,
        -3.5325415884748397,
        0.00218204130080524,
        -0.05572521575626385,
        -0.07995396509915359,
        0.042563667726804366,
        -0.05399440620205748,
        0.13126259160244433,
        0.6936727685697652,
        0.0
      ],
      [
        -2718.062390464658,
        320.46439532628625,
        0.2138965274855513,
        -87.16002818470471,
        -175.7400964039116,
        -1370.3047819058684,
        -0.32795285202231217,
        1291.631356798495,
        0.04589641601106706,
        0.008541489839657988,
        2884.842455635597,
        0.05166896388632758,
        34.15053642528099,
        55.26528289811516,
        0.38040263384016026,
        -0.12137169168365655,
        0.6117170999025375,
        2.0960166312087525,
        19.223338611481925,
        0.6936727685697652,
        689.8065324960736,
        0.0
      ],
      [
        0.0,
        0.0,
        0.0,
        0.0,
        0.0,
        0.0,
        0.0,
        0.0,
        0.0,
        0.0,
        0.0,
        0.0,
        0.0,
        0.0,
        0.0,
        0.0,
        0.0,
        0.0,
        0.0,
        0.0,
        0.0,
        1000000.0
      ]
    ],
    [
      [
        6191.065623671733,
        -32.40935806700827,
        -3.213067029916456,
        -0.5417784857733082,
        0.27089042648548173,
        -45.62947891365385,
        0.14769445861232922,
        -84.26276320306646,
        -0.008205917129816928,
        0.876760449254217,
        -365.62685265504655,
        -0.18008792156412257,
        -178.41869871671452,
        -113.39150297174233,
        0.35100964804298607,
        0.12944597438431485,
        -0.1647243726306205,
        -0.050982095049289154,
        1.5511231177923664e-11,
        -0.15541171682743654,
        0.0,
        0.0
      ],
      [
        -32.40935806700827,
        6548.530548847079,
        -0.24837876025415428,
        0.2914944050588819,
        -0.14574627362652898,
        -231.8109727711731,
        -0.08765490109141244,
        -394.7489732377225,
        0.0022199902636563474,
        0.31807589050885055,
        65.94127322410348,
        -1.6568484877338503,
        -19.47649870347331,
        10.078797108486619,
        -1.5822299889786917,
        1.0597851745869742,
        1.2502755439332047,
        -0.08803087541102349,
        7.760482168249197e-11,
        -2.8067411061567924,
        0.0,
        0.0
      ],
      [
        -3.213067029916456,
        -0.24837876025415428,
        0.08850121767578849,
        -0.01937964720911294,
        0.00968982219405791,
        -0.662508532974873,
        -0.03820622997830702,
        -1.0358370720257102,
        -0.0001596479312727114,
        -0.01588770819086497,
        -1.6322763546507923,
        -0.00218984936794984,
        -0.00859598391777746,
        -0.903270017026903,
        -0.0073529012494293715,
        0.002065080494235391,
        -0.002111205342422493,
        -0.0031608117402188093,
        1.5059255359009572e-12,
        0.0022868288611323467,
        0.0,
        0.0
      ],
      [
        -0.5417784857733082,
        0.2914944050588819,
        -0.01937964720911294,
        1360.195592439157,
        2720.331385257873,
        0.18312539640309108,
        -0.00494434226580534,
        0.06612379293903596,
        0.0006276385593892207,
        0.014327174796960765,
        -0.024924672503438255,
        -0.0011453851629530413,
        -0.06381723818557743,
        -0.012979427411613837,
        -0.0028687800553043596,
        0.0050093980512452745,
        0.00400104014458192,
        -0.0010293596669394061,
        4.0126383547006016e-11,
        -0.003987486890964975,
        0.0,
        0.0
      ],
      [
        0.27089042648548173,
        -0.14574627362652898,
        0.00968982219405791,
        2720.331385257873,
        5440.6926702810615,
        -0.09156163244093726,
        0.002472152039658375,
        -0.033060048780562304,
        -0.000313823519968069,
        -0.007163575568171968,
        0.012463002033239585,
        0.0005726800195985696,
        0.031906829452087226,
        0.006490630582575084,
        0.001434355005416628,
        -0.0025046753740226883,
        -0.002000557440754516,
        0.0005146705015738169,
        7.806862380160345e-11,
        0.0019937645973135483,
        0.0,
        0.0
      ],
      [
        -45.62947891365385,
        -231.8109727711731,
        -0.662508532974873,
        0.18312539640309108,
        -0.09156163244093726,
        6334.004587830089,
        0.33388624454405613,
        -770.5651167929785,
        -0.0033842944411553192,
        0.23650306062351034,
        244.8254800029974,
        -2.1163580295016446,
        15.0537386839661,
        -14.080948888955394,
        -0.9094896017304691,
        -2.9227438852331096,
        1.772995636690767,
        -0.02818107712932894,
        1.8787461938310263e-10,
        -1.986004216105055,
        0.0,
        0.0
      ],
      [
        0.14769445861232922,
        -0.08765490109141244,
        -0.03820622997830702,
        -0.00494434226580534,
        0.002472152039658375,
        0.33388624454405613,
        0.036453840449704934,
        0.6286040629244414,
        -0.0004264737755523987,
        -0.0066118433225696915,
        -0.13211563482544952,
        0.001679231331703008,
        -0.7807059003605689,
        0.3427002654614931,
        0.0057389113638817175,
        -0.012023385462546138,
        -0.002977955430446505,
        0.0016410710639921918,
        -2.867125438918509e-12,
        0.004262638135166391,
        0.0,
        0.0
      ],
      [
        -84.26276320306646,
        -394.7489732377225,
        -1.0358370720257102,
        0.06612379293903596,
        -0.033060048780562304,
        -770.5651167929785,
        0.6286040629244414,
        5309.831471358709,
        -0.018689922917042565,
        0.26069937978393914,
        523.8757330953235,
        -3.080220348026213,
        -48.02458254357447,
        -45.044902590253784,
        -2.1486279206341825,
        -5.704497453100943,
        2.4508925388002964,
        -0.2226845740264667,
        4.705412044680514e-10,
        -2.2259717766787834,
        0.0,
        0.0
      ],
      [
        -0.008205917129816928,
        0.0022199902636563474,
        -0.0001596479312727114,
        0.0006276385593892207,
        -0.000313823519968069,
        -0.0033842944411553192,
        -0.0004264737755523987,
        -0.018689922917042565,
        0.0006767508255249545,
        0.00039919397996035743,
        0.009035296079125833,
        -0.0015453162176411275,
        -0.0882635919192902,
        0.017229067067902365,
        2.582663969669629e-05,
        0.0006631043206528993,
        0.004494079864133936,
        -0.0006443684291529742,
        -3.618855500519987e-12,
        -0.003729151232692986,
        0.0,
        0.0
      ],
      [
        0.876760449254217,
        0.31807589050885055,
        -0.01588770819086497,
        0.014327174796960765,
        -0.007163575568171968,
        0.23650306062351034,
        -0.0066118433225696915,
        0.26069937978393914,
        0.00039919397996035743,
        0.028433144981659348,
        -0.36519106902802534,
        -0.005103994805980662,
        -0.11760885139546956,
        0.014758152420632043,
        0.002121101354684794,
        0.007430259036851059,
        0.004366633836154756,
        0.004012315753704124,
        -3.066430343083492e-12,
        -0.007128075671499104,
        0.0,
        0.0
      ],
      [
        -365.62685265504655,
        65.94127322410348,
        -1.6322763546507923,
        -0.024924672503438255,
        0.012463002033239585,
        244.8254800029974,
        -0.13211563482544952,
        523.8757330953235,
        0.009035296079125833,
        -0.36519106902802534,
        5893.885833945053,
        1.9325709191207405,
        -204.257298271389,
        -113.09601978009945,
        0.48294257051040124,
        1.6858967246652514,
        -0.09559237264424385,
        -0.4781957511413192,
        -2.2830107017396775e-10,
        -0.3765158489567265,
        0.0,
        0.0
      ],
      [
        -0.18008792156412257,
        -1.6568484877338503,
        -0.00218984936794984,
        -0.0011453851629530413,
        0.0005726800195985696,
        -2.1163580295016446,
        0.001679231331703008,
        -3.080220348026213,
        -0.0015453162176411275,
        -0.005103994805980662,
        1.9325709191207405,
        0.13822451525717272,
        -1.633336702587168,
        -1.7331374209637127,
        0.005406152757126954,
        0.009953810908403632,
        -0.016199242933134485,
        -0.003928568500518962,
        5.5776287551154945e-12,
        0.009341125753443251,
        0.0,
        0.0
      ],
      [
        -178.41869871671452,
        -19.47649870347331,
        -0.00859598391777746,
        -0.06381723818557743,
        0.031906829452087226,
        15.0537386839661,
        -0.7807059003605689,
        -48.02458254357447,
        -0.0882635919192902,
        -0.11760885139546956,
        -204.257298271389,
        -1.633336702587168,
        3478.143643685872,
        -1459.505417449214,
        0.9845603424163164,
        -0.08312710221723082,
        -0.41345435626333205,
        0.8935720409299761,
        -1.0185020621903677e-10,
        -0.3385011308302633,
        0.0,
        0.0
      ],
      [
        -113.39150297174233,
        10.078797108486619,
        -0.903270017026903,
        -0.012979427411613837,
        0.006490630582575084,
        -14.080948888955394,
        0.3427002654614931,
        -45.044902590253784,
        0.017229067067902365,
        0.014758152420632043,
        -113.09601978009945,
        -1.7331374209637127,
        -1459.505417449214,
        5559.2715307793305,
        0.18350007792735415,
        0.10797380292831221,
        0.5806557750795279,
        0.07690940728411204,
        -1.476194127656383e-11,
        -0.4829058928170397,
        0.0,
        0.0
      ],
      [
        0.35100964804298607,
        -1.5822299889786917,
        -0.0073529012494293715,
        -0.0028687800553043596,
        0.001434355005416628,
        -0.9094896017304691,
        0.0057389113638817175,
        -2.1486279206341825,
        2.582663969669629e-05,
        0.002121101354684794,
        0.48294257051040124,
        0.005406152757126954,
        0.9845603424163164,
        0.18350007792735415,
        0.058387838962172554,
        -0.010468283414922392,
        0.001479651280341976,
        0.0013399100840331911,
        -7.74428167781636e-12,
        -0.0210285751642572,
        0.0,
        0.0
      ],
      [
        0.12944597438431485,
        1.0597851745869742,
        0.002065080494235391,
        0.0050093980512452745,
        -0.0025046753740226883,
        -2.9227438852331096,
        -0.012023385462546138,
        -5.704497453100943,
        0.0006631043206528993,
        0.007430259036851059,
        1.6858967246652514,
        0.009953810908403632,
        -0.08312710221723082,
        0.10797380292831221,
        -0.010468283414922392,
        0.08440906370548076,
        0.003738356007872169,
        0.0012244985150125396,
        -7.589189842554422e-13,
        -0.022617683475513167,
        0.0,
        0.0
      ],
      [
        -0.1647243726306205,
        1.2502755439332047,
        -0.002111205342422493,
        0.00400104014458192,
        -0.002000557440754516,
        1.772995636690767,
        -0.002977955430446505,
        2.4508925388002964,
        0.004494079864133936,
        0.004366633836154756,
        -0.09559237264424385,
        -0.016199242933134485,
        -0.41345435626333205,
        0.5806557750795279,
        0.001479651280341976,
        0.003738356007872169,
        0.05677022125807852,
        -0.007449737354331333,
        -1.8543162084995775e-11,
        -0.04282369643667032,
        0.0,
        0.0
      ],
      [
        -0.050982095049289154,
        -0.08803087541102349,
        -0.0031608117402188093,
        -0.0010293596669394061,
        0.0005146705015738169,
