{
  "q_values": [
    13.926462537550249,
    1.1533204730476898,
    -1.4816184261685557
  ],
  "weights": [
    [
      -10.0,
      -10.0,
      2.0559272938661985,
      -10.0,
      -10.0,
      -10.0,
      -0.3298775577015758,
      10.0,
      -0.17793875598876818,
      -1.0362882900397778,
      10.0,
      1.2483117845888572,
      -10.0,
      10.0,
      -0.5589816524251456,
      -0.09448529850878096,
      -3.692468314638049,
      -1.8983247861860093,
      -10.0,
      10.0,
      -0.7856782930575719,
      0.0
    ],
    [
      -10.0,
      10.0,
      -0.28383796121441307,
      10.0,
      10.0,
      10.0,
      0.24144442784615494,
      -10.0,
      -0.25734796963866413,
      -0.020904633710094433,
      10.0,
      -0.22756736187958948,
      -10.0,
      10.0,
      -0.07425528770269718,
      0.46666412583032013,
      -2.5785445881973845,
      2.8958692217668016,
      8.322660562325893,
      -1.7535900260207455,
      -10.0,
      0.0
    ],
    [
      10.0,
      10.0,
      0.6995155609702124,
      -10.0,
      -10.0,
      10.0,
      -1.628840054308057,
      -10.0,
      -0.1006500059723976,
      1.7033459244987625,
      -10.0,
      -1.9465256141073723,
      -10.0,
      10.0,
      -0.5170145015246561,
      -3.143350735180775,
      -6.453587291248823,
      10.0,
      10.0,
      -10.0,
      10.0,
      0.0
    ]
  ],
  "cov_inv_matrices": [
    [
      [
        275501.63633835444,
        -28655.494590151717,
        -116.32871188093927,
        20415.445663064613,
        40881.045869102796,
        28692.583976414684,
        8.081892613024102,
        -71389.6957871673,
        0.629412507325122,
        28.31169042563751,
        -69291.99277347006,
        7.972079914975492,
        13914.281281791744,
        -41471.85966935815,
        21.141888788202685,
        30.688174490645636,
        -32.18434176333763,
        118.29187829153743,
        17.870324843545035,
        -152.56199651919056,
        -11588.943801354342,
        0.0
      ],
      [
        -28655.494590151717,
        160436.59675810856,
        35.66058252569458,
        -83045.87478368724,
        -166063.4110573891,
        -167156.00036849154,
        -8.995322919143149,
        40091.84948075366,
        4.446383651649448,
        -5.182271445238605,
        -18026.796673555757,
        -21.757381835365557,
        29834.18859330569,
        -57341.15722823676,
        -33.496814903589204,
        51.24062240095088,
        51.31829040311551,
        -341.64636598968076,
        721.1315716770982,
        269.7264210181892,
        14803.883503372028,
        0.0
      ],
      [
        -116.32871188093927,
        35.66058252569458,
        0.24157265600280053,
        19.663572922381945,
        39.37091296257724,
        10.358341647421156,
        -0.06775484406242206,
        -16.26483631563748,
        0.0018320996915363586,
        -0.013146538247746647,
        -66.45871652095077,
        -0.0011705025416669478,
        -31.232489335292577,
        69.40792467473028,
        -0.02543124172681339,
        0.004711986919234988,
        0.015313469184540445,
        0.01843305552003898,
        -0.5062386664644325,
        0.10311132000345428,
        -2.90259742660906,
        0.0
      ],
      [
        20415.445663064613,
        -83045.87478368724,
        19.663572922381945,
        153569.09178136688,
        307124.4721262468,
        283475.1691877246,
        -2.816573418868469,
        -152561.1303075923,
        -1.7784594391486375,
        6.7884405886026595,
        -64859.94129949431,
        -37.406670702770754,
        19900.665975607542,
        -38723.049735863846,
        28.902991158595306,
        -28.252904756092658,
        -40.38522245271977,
        49.87218310527469,
        54.675102331110224,
        -143.31560017261992,
        -18724.6776269395,
        0.0
      ],
      [
        40881.045869102796,
        -166063.4110573891,
        39.37091296257724,
        307124.4721262468,
        614221.6206735143,
        566911.7310050444,
        -5.636625930149904,
        -305131.99216452584,
        -3.5572801282521267,
        13.563886695481006,
        -129755.08329246921,
        -74.81478195410023,
        39797.99507320982,
        -77435.78218357095,
        57.79093857380773,
        -56.48127850509714,
        -80.79432576487905,
        99.78755442178934,
        109.89812670739099,
        -286.8319100644163,
        -37458.42610551574,
        0.0
      ],
      [
        28692.583976414684,
        -167156.00036849154,
        10.358341647421156,
        283475.1691877246,
        566911.7310050444,
        537819.3471645184,
        0.47519108752495465,
        -261706.1847497274,
        -3.412216608682963,
        10.681987800226917,
        -83167.99377449875,
        -83.67663086817902,
        49254.04707937506,
        -97685.09382806243,
        56.36096158984063,
        -72.28792321038102,
        -97.42173608605151,
        115.2527162311952,
        168.87627769193008,
        -329.7079698094933,
        -36402.619705615405,
        0.0
      ],
      [
        8.081892613024102,
        -8.995322919143149,
        -0.06775484406242206,
        -2.816573418868469,
        -5.636625930149904,
        0.47519108752495465,
        0.03790380230551688,
        2.4021708223144422,
        -0.0016655291798263047,
        -0.006847212557508642,
        19.32142182589241,
        -0.0009303285431740296,
        5.275374022536156,
        -10.322730279620863,
        0.005710409630141905,
        0.0035924535320010532,
        -0.002768987620276912,
        -0.05804873082753764,
        0.4059452205725567,
        -0.04172366239269486,
        -1.4985905506486756,
        0.0
      ],
      [
        -71389.6957871673,
        40091.84948075366,
        -16.26483631563748,
        -152561.1303075923,
        -305131.99216452584,
        -261706.1847497274,
        2.4021708223144422,
        229918.17430681462,
        1.8614518645818083,
        -12.273347124197395,
        110099.65204424741,
        11.393001667287983,
        -25926.452822221952,
        57878.104559210515,
        -33.63452538741893,
        -47.74474090557905,
        4.774392245764119,
        -47.831283678470626,
        -397.69002587885996,
        176.9386301977884,
        12873.489939720726,
        0.0
      ],
      [
        0.629412507325122,
        4.446383651649448,
        0.0018320996915363586,
        -1.7784594391486375,
        -3.5572801282521267,
        -3.412216608682963,
        -0.0016655291798263047,
        1.8614518645818083,
        0.0015141397110224682,
        0.0003547985062641088,
        -1.3269675692107625,
        0.0005836781243644187,
        0.5574305705565452,
        -3.0813591295851186,
        -0.0020443431466019256,
        9.560897926390343e-05,
        0.009866985794956054,
        -0.044808407153289924,
        0.03339948515984085,
        0.05045526438674726,
        0.5395951872923062,
        0.0
      ],
      [
        28.31169042563751,
        -5.182271445238605,
        -0.013146538247746647,
        6.7884405886026595,
        13.563886695481006,
        10.681987800226917,
        -0.006847212557508642,
        -12.273347124197395,
        0.0003547985062641088,
        0.02185840331863918,
        -13.48894674735795,
        0.0013504094595308354,
        -0.42761105283408485,
        -4.192273927149424,
        0.005881432692105402,
        -0.0012435875699328683,
        0.004289837575035905,
        0.05716162254424095,
        -0.5187848714922881,
        0.07241681515842488,
        3.0896297685102976,
        0.0
      ],
      [
        -69291.99277347006,
        -18026.796673555757,
        -66.45871652095077,
        -64859.94129949431,
        -129755.08329246921,
        -83167.99377449875,
        19.32142182589241,
        110099.65204424741,
        -1.3269675692107625,
        -13.48894674735795,
        142579.3954181396,
        -1.0962987448473465,
        12162.668362363074,
        -23759.893760094033,
        -0.276003757538691,
        -27.413031881300817,
        -29.915310156968445,
        75.22829274620491,
        191.67393137913353,
        -155.29531000772752,
        1762.572977356421,
        0.0
      ],
      [
        7.972079914975492,
        -21.757381835365557,
        -0.0011705025416669478,
        -37.406670702770754,
        -74.81478195410023,
        -83.67663086817902,
        -0.0009303285431740296,
        11.393001667287983,
        0.0005836781243644187,
        0.0013504094595308354,
        -1.0962987448473465,
        0.16547343753236365,
        -48.28082383324475,
        83.12937915854685,
        -0.004680775713893382,
        0.038377089414410086,
        0.10260659218680332,
        -0.030539348893403147,
        0.7737963246478466,
        -0.05053729546796925,
        10.667143845421387,
        0.0
      ],
      [
        13914.281281791744,
        29834.18859330569,
        -31.232489335292577,
        19900.665975607542,
        39797.99507320982,
        49254.04707937506,
        5.275374022536156,
        -25926.452822221952,
        0.5574305705565452,
        -0.42761105283408485,
        12162.668362363074,
        -48.28082383324475,
        51299.880397948495,
        -89620.75661025071,
        4.848916883279434,
        -2.9450419946865716,
        -4.709231303304046,
        -238.53033408930833,
        833.2679250664582,
        37.959801543996164,
        -5524.710620571008,
        0.0
      ],
      [
        -41471.85966935815,
        -57341.15722823676,
        69.40792467473028,
        -38723.049735863846,
        -77435.78218357095,
        -97685.09382806243,
        -10.322730279620863,
        57878.104559210515,
        -3.0813591295851186,
        -4.192273927149424,
        -23759.893760094033,
        83.12937915854685,
        -89620.75661025071,
        196133.09027193717,
        -5.947062648583307,
        0.2067651906718741,
        60.48359541981122,
        99.52391889746596,
        -932.9109197330156,
        165.91223780212158,
        2314.7724616061914,
        0.0
      ],
      [
        21.141888788202685,
        -33.496814903589204,
        -0.02543124172681339,
        28.902991158595306,
        57.79093857380773,
        56.36096158984063,
        0.005710409630141905,
        -33.63452538741893,
        -0.0020443431466019256,
        0.005881432692105402,
        -0.276003757538691,
        -0.004680775713893382,
        4.848916883279434,
        -5.947062648583307,
        0.04962261474606194,
        -0.010747676515479351,
        -0.010998764401382123,
        0.19638617832762523,
        -0.6769000892469814,
        -0.09566597458033502,
        -2.0817450336637253,
        0.0
      ],
      [
        30.688174490645636,
        51.24062240095088,
        0.004711986919234988,
        -28.252904756092658,
        -56.48127850509714,
        -72.28792321038102,
        0.0035924535320010532,
        -47.74474090557905,
        9.560897926390343e-05,
        -0.0012435875699328683,
        -27.413031881300817,
        0.038377089414410086,
        -2.9450419946865716,
        0.2067651906718741,
        -0.010747676515479351,
        0.12255103670312281,
        0.03886577872187541,
        -0.10182031408770673,
        0.3785990493991804,
        0.07658265844992064,
        7.8168928867012655,
        0.0
      ],
      [
        -32.18434176333763,
        51.31829040311551,
        0.015313469184540445,
        -40.38522245271977,
        -80.79432576487905,
        -97.42173608605151,
        -0.002768987620276912,
        4.774392245764119,
        0.009866985794956054,
        0.004289837575035905,
        -29.915310156968445,
        0.10260659218680332,
        -4.709231303304046,
        60.48359541981122,
        -0.010998764401382123,
        0.03886577872187541,
        0.6657561704742787,
        -2.7609336510859763,
        3.07670401614301,
        2.7390188902031194,
        10.122665298055015,
        0.0
      ],
      [
        118.29187829153743,
        -341.64636598968076,
        0.01843305552003898,
        49.87218310527469,
        99.78755442178934,
        115.2527162311952,
        -0.05804873082753764,
        -47.831283678470626,
        -0.044808407153289924,
        0.05716162254424095,
        75.22829274620491,
        -0.030539348893403147,
        -238.53033408930833,
        99.52391889746596,
        0.19638617832762523,
        -0.10182031408770673,
        -2.7609336510859763,
        17.47616558279209,
        -21.049084645720534,
        -15.994657291010338,
        79.78858703646,
        0.0
      ],
      [
        17.870324843545035,
        721.1315716770982,
        -0.5062386664644325,
        54.675102331110224,
        109.89812670739099,
        168.87627769193008,
        0.4059452205725567,
        -397.69002587885996,
        0.03339948515984085,
        -0.5187848714922881,
        191.67393137913353,
        0.7737963246478466,
        833.2679250664582,
        -932.9109197330156,
        -0.6769000892469814,
        0.3785990493991804,
        3.07670401614301,
        -21.049084645720534,
        334.6332512332791,
        -55.5837812856302,
        -253.11147149439603,
        0.0
      ],
      [
        -152.56199651919056,
        269.7264210181892,
        0.10311132000345428,
        -143.31560017261992,
        -286.8319100644163,
        -329.7079698094933,
        -0.04172366239269486,
        176.9386301977884,
        0.05045526438674726,
        0.07241681515842488,
        -155.29531000772752,
        -0.05053729546796925,
        37.959801543996164,
        165.91223780212158,
        -0.09566597458033502,
        0.07658265844992064,
        2.7390188902031194,
        -15.994657291010338,
        -55.5837812856302,
        32.98921330876553,
        11.63749765989526,
        0.0
      ],
      [
        -11588.943801354342,
        14803.883503372028,
        -2.90259742660906,
        -18724.6776269395,
        -37458.42610551574,
        -36402.619705615405,
        -1.4985905506486756,
        12873.489939720726,
        0.5395951872923062,
        3.0896297685102976,
        1762.572977356421,
        10.667143845421387,
        -5524.710620571008,
        2314.7724616061914,
        -2.0817450336637253,
        7.8168928867012655,
        10.122665298055015,
        79.78858703646,
        -253.11147149439603,
        11.63749765989526,
        13958.735682694096,
        0.0
      ],
      [
        0.0,
        0.0,
        0.0,
        0.0,
        0.0,
        0.0,
        0.0,
        0.0,
        0.0,
        0.0,
        0.0,
        0.0,
        0.0,
        0.0,
        0.0,
        0.0,
        0.0,
        0.0,
        0.0,
        0.0,
        0.0,
        1000000.0
      ]
    ],
    [
      [
        249251.68373521103,
        -5504.949639825141,
        -97.93745164560612,
        20813.91586942244,
        41669.56372814809,
        47750.99240501682,
        -6.1587107431925645,
        -83345.89180216054,
        2.6975576469350724,
        37.17527890155915,
        -42612.91530967002,
        0.8435864925984287,
        7397.6562135740305,
        -32106.000801421782,
        14.474497791587325,
        29.941083929150206,
        19.688328855701428,
        -166.75062872668946,
        93.12329072914913,
        190.7031951981087,
        -8023.345503019417,
        0.0
      ],
      [
        -5504.949639825141,
        269593.3161458582,
        19.733466680919356,
        -29515.42530620617,
        -59006.3491690449,
        -53804.15552791361,
        -15.172907115934276,
        -42178.016511087786,
        7.245560689213254,
        3.0483896000182638,
        -10741.23047339937,
        -14.227298947374127,
        16780.127568674616,
        -10875.956616625124,
        -38.909940109998786,
        67.69307796374314,
        99.53419092312835,
        -794.6222744177985,
        1048.3827909938288,
        736.1639923547559,
        29636.105633104737,
        0.0
      ],
      [
        -97.93745164560612,
        19.733466680919356,
        0.1906938533170938,
        -7.856990395785561,
        -15.658844650174208,
        -24.763931684818996,
        -0.05107199328935552,
        6.461087918042509,
        0.00011546306932111279,
        -0.017271842337056427,
        -38.18278239290301,
        -0.007896730723578915,
        -17.804247715941326,
        29.83322175192142,
        -0.020037695824450343,
        -0.0008844911539752365,
        1.1153124057754436e-05,
        0.16121427061014226,
        -0.05843911205530962,
        -0.14604284210295881,
        7.455020176929478,
        0.0
      ],
      [
        20813.91586942244,
        -29515.42530620617,
        -7.856990395785561,
        105964.03960207399,
        211911.4355254852,
        282476.0729356818,
        -3.162115779698447,
        -144722.4795656304,
        -0.2828183084704039,
        15.86468129260382,
        -12672.897590213712,
        -20.82231279953581,
        -6585.59551607842,
        -1957.2643282175748,
        6.638454078064969,
        -26.243762719463252,
        -47.476346171847354,
        136.1317504963941,
        -482.2782894573304,
        -144.84576871816742,
        -28157.90529562243,
        0.0
      ],
      [
        41669.56372814809,
        -59006.3491690449,
        -15.658844650174208,
        211911.4355254852,
        423789.710353486,
        564915.3644192114,
        -6.32949850829195,
        -289445.95627943485,
        -0.56592077744555,
        31.71004982234288,
        -25371.98421185701,
        -41.66181066411447,
        -13165.13049149244,
        -3930.4139793679933,
        13.26596066691814,
        -52.46624876436915,
        -94.97306737854029,
        272.36294429888846,
        -964.4528377819286,
        -289.7898703224212,
        -56298.483588103714,
        0.0
      ],
      [
        47750.99240501682,
        -53804.15552791361,
        -24.763931684818996,
        282476.0729356818,
        564915.3644192114,
        789497.6127201681,
        -7.444064576179305,
        -391394.09643354826,
        -0.8937650364066729,
        40.73254081200102,
        -22060.000784955453,
        -63.32982658169888,
        -22033.499019423267,
        8115.84958623218,
        21.46269840396052,
        -75.71679253190216,
        -143.2768469791348,
        467.0452177659537,
        -1055.6551543177684,
        -509.5910458868767,
        -44277.39583428851,
        0.0
      ],
      [
        -6.1587107431925645,
        -15.172907115934276,
        -0.05107199328935552,
        -3.162115779698447,
        -6.32949850829195,
        -7.444064576179305,
        0.03522345430289871,
        10.608928557954384,
        -0.0014901402768195855,
        -0.009655363270669258,
        12.753425925139823,
        0.007197096662364916,
        4.487978105290089,
        -8.564740323021546,
        0.005097147730478104,
        0.004658278811316741,
        -0.009920262094163952,
        0.015674634597709257,
        0.002787927242337126,
        -0.024501288626379028,
        1.114171251078027,
        0.0
      ],
      [
        -83345.89180216054,
        -42178.016511087786,
        6.461087918042509,
        -144722.4795656304,
        -289445.95627943485,
        -391394.09643354826,
        10.608928557954384,
        315522.5456121578,
        -0.39790000111437696,
        -32.83697174428244,
        61384.92853784026,
        -16.527023249933105,
        18432.31543150244,
        -10985.194985277058,
        -18.199232245480136,
        -60.617345670510275,
        -0.3112338876477148,
        -30.154756345770377,
        132.38472459504425,
        22.156846292201294,
        10423.68679957934,
        0.0
      ],
      [
        2.6975576469350724,
        7.245560689213254,
        0.00011546306932111279,
        -0.2828183084704039,
        -0.56592077744555,
        -0.8937650364066729,
        -0.0014901402768195855,
        -0.39790000111437696,
        0.0013785473399947163,
        0.0008544209588886108,
        -0.9203224581441789,
        -0.0013436714803257365,
        1.149407792320953,
        -3.134709013843846,
        -0.001727769366218349,
        0.0003464151307640244,
        0.006712883841141303,
        -0.05563112198096865,
        0.04488326205495797,
        0.0549372195579306,
        -0.34548495319879424,
        0.0
      ],
      [
        37.17527890155915,
        3.0483896000182638,
        -0.017271842337056427,
        15.86468129260382,
        31.71004982234288,
        40.73254081200102,
        -0.009655363270669258,
        -32.83697174428244,
        0.0008544209588886108,
        0.0305417102162861,
        -11.961239986580324,
        0.0019651213457013714,
        -1.638762172828503,
        2.2523542229052067,
        0.006362637046150643,
        -0.0026501769242916135,
        0.010753780423410356,
        -0.048921876293930036,
        -0.013065192058950625,
        0.054806614623396914,
        -4.768646641517012,
        0.0
      ],
      [
        -42612.91530967002,
        -10741.23047339937,
        -38.18278239290301,
        -12672.897590213712,
        -25371.98421185701,
        -22060.000784955453,
        12.753425925139823,
        61384.92853784026,
        -0.9203224581441789,
        -11.961239986580324,
        66944.08938924083,
        -3.4746981306420004,
        678.8870353240138,
        3631.5611631511133,
        -3.3538037098141187,
        -23.67272536260283,
        -32.23666265645693,
        96.44656698582602,
        -142.34268945210624,
        -113.65366792050978,
        -1604.3746212520446,
        0.0
      ],
      [
        0.8435864925984287,
        -14.227298947374127,
        -0.007896730723578915,
        -20.82231279953581,
        -41.66181066411447,
        -63.32982658169888,
        0.007197096662364916,
        -16.527023249933105,
        -0.0013436714803257365,
        0.0019651213457013714,
        -3.4746981306420004,
        0.1852824177357776,
        -41.25892589935252,
        66.02669469439283,
        0.005475719429255071,
        0.05352325442062808,
        0.08006805369614449,
        -0.02170731328589591,
        0.13184571560887037,
        0.07382239556786219,
        7.030051113508255,
        0.0
      ],
      [
        7397.6562135740305,
        16780.127568674616,
        -17.804247715941326,
        -6585.59551607842,
        -13165.13049149244,
        -22033.499019423267,
        4.487978105290089,
        18432.31543150244,
        1.149407792320953,
        -1.638762172828503,
        678.8870353240138,
        -41.25892589935252,
        54750.1589107639,
        -88500.48717414882,
        6.197905946957404,
        -13.378953589851662,
        32.92930857842986,
        -349.8312779069662,
        333.5619108637399,
        322.47608679200573,
        -74.61155215537785,
        0.0
      ],
      [
        -32106.000801421782,
        -10875.956616625124,
        29.83322175192142,
        -1957.2643282175748,
        -3930.4139793679933,
        8115.84958623218,
        -8.564740323021546,
        -10985.194985277058,
        -3.134709013843846,
        2.2523542229052067,
        3631.5611631511133,
        66.02669469439283,
        -88500.48717414882,
        193136.0304519947,
        -8.170754139133262,
        21.73795374372046,
        42.53541603107144,
        97.24517471018561,
        -48.97531345779974,
        -67.16120153340975,
        4079.963441158963,
        0.0
      ],
      [
        14.474497791587325,
        -38.909940109998786,
        -0.020037695824450343,
        6.638454078064969,
        13.26596066691814,
        21.46269840396052,
        0.005097147730478104,
        -18.199232245480136,
        -0.001727769366218349,
        0.006362637046150643,
        -3.3538037098141187,
        0.005475719429255071,
        6.197905946957404,
        -8.170754139133262,
        0.05289269364927245,
        -0.01150047450961398,
        -0.0031862640396622816,
        0.18047477677908147,
        -0.07851491869591673,
        -0.1812080261949812,
        7.546422316195038,
        0.0
      ],
      [
        29.941083929150206,
        67.69307796374314,
        -0.0008844911539752365,
        -26.243762719463252,
        -52.46624876436915,
        -75.71679253190216,
        0.004658278811316741,
        -60.617345670510275,
        0.0003464151307640244,
        -0.0026501769242916135,
        -23.67272536260283,
        0.05352325442062808,
        -13.378953589851662,
        21.73795374372046,
        -0.01150047450961398,
        0.13762624256728828,
        0.06911782467994165,
        -0.22204297465451645,
        0.5010135397490377,
        0.2353960470881125,
        19.73992347878954,
        0.0
      ],
      [
        19.688328855701428,
        99.53419092312835,
        1.1153124057754436e-05,
        -47.476346171847354,
        -94.97306737854029,
        -143.2768469791348,
        -0.009920262094163952,
        -0.3112338876477148,
        0.006712883841141303,
        0.010753780423410356,
        -32.23666265645693,
        0.08006805369614449,
        32.92930857842986,
        42.53541603107144,
        -0.0031862640396622816,
        0.06911782467994165,
        0.7840853454534062,
        -3.812364986595231,
        3.779522905723887,
        3.7966664932242895,
        4.410015825003308,
        0.0
      ],
      [
        -166.75062872668946,
        -794.6222744177985,
        0.16121427061014226,
        136.1317504963941,
        272.36294429888846,
        467.0452177659537,
        0.015674634597709257,
        -30.154756345770377,
        -0.05563112198096865,
        -0.048921876293930036,
        96.44656698582602,
        -0.02170731328589591,
        -349.8312779069662,
        97.24517471018561,
        0.18047477677908147,
        -0.22204297465451645,
        -3.812364986595231,
        24.69826032933016,
        -21.980582269558546,
        -24.267733624196126,
        87.5675683007625,
        0.0
      ],
      [
        93.12329072914913,
        1048.3827909938288,
        -0.05843911205530962,
        -482.2782894573304,
        -964.4528377819286,
        -1055.6551543177684,
        0.002787927242337126,
        132.38472459504425,
        0.04488326205495797,
        -0.013065192058950625,
        -142.34268945210624,
        0.13184571560887037,
        333.5619108637399,
        -48.97531345779974,
        -0.07851491869591673,
        0.5010135397490377,
        3.779522905723887,
        -21.980582269558546,
        26.25118202351824,
        21.541807402248363,
        401.87672814638034,
        0.0
      ],
      [
        190.7031951981087,
        736.1639923547559,
        -0.14604284210295881,
        -144.84576871816742,
        -289.7898703224212,
        -509.5910458868767,
        -0.024501288626379028,
        22.156846292201294,
        0.0549372195579306,
        0.054806614623396914,
        -113.65366792050978,
        0.07382239556786219,
        322.47608679200573,
        -67.16120153340975,
        -0.1812080261949812,
        0.2353960470881125,
        3.7966664932242895,
        -24.267733624196126,
        21.541807402248363,
        23.90743693708109,
        -93.9118353618808,
        0.0
      ],
      [
        -8023.345503019417,
        29636.105633104737,
        7.455020176929478,
        -28157.90529562243,
        -56298.483588103714,
        -44277.39583428851,
        1.114171251078027,
        10423.68679957934,
        -0.34548495319879424,
        -4.768646641517012,
        -1604.3746212520446,
        7.030051113508255,
        -74.61155215537785,
        4079.963441158963,
        7.546422316195038,
        19.73992347878954,
        4.410015825003308,
        87.5675683007625,
        401.87672814638034,
        -93.9118353618808,
        41610.147780272644,
        0.0
      ],
      [
        0.0,
        0.0,
        0.0,
        0.0,
        0.0,
        0.0,
        0.0,
        0.0,
        0.0,
        0.0,
        0.0,
        0.0,
        0.0,
        0.0,
        0.0,
        0.0,
        0.0,
        0.0,
        0.0,
        0.0,
        0.0,
        1000000.0
      ]
    ],
    [
      [
        309206.7120355313,
        5747.493032490718,
        0.8546451748491591,
        138968.51432715185,
        278002.7918359719,
        231159.68894924875,
        -7.59408442980414,
        -191852.67948067997,
        3.229357503684967,
        45.29166244493561,
        -407632.1878979313,
        -35.3622685381295,
        -14908.416529275157,
        10344.280822919289,
        5.417009017074786,
        -42.34688171955223,
        -20.426240117502818,
        -78.92467272244822,
        368472.75464100565,
        75.87153697584438,
        36460.72937164544,
        0.0
      ],
      [
        5747.493032490718,
        215929.36467810866,
        23.006915688887062,
        5435.045006280093,
        10918.07413768585,
        21179.332717914374,
        -6.809318566915031,
        -58818.75229275634,
        9.139774246850617,
        8.165970386691344,
        -43154.15931160849,
        -21.517652976371796,
        17230.735931549025,
        -14752.2000751337,
        -55.25002759393351,
        36.85943531892025,
        125.70327944107285,
        -908.0209449101951,
        31728.931354945627,
        861.7755609877072,
        37465.854250857745,
        0.0
      ],
      [
        0.8546451748491591,
        23.006915688887062,
        0.1288255053044685,
        61.311951493306545,
        122.6579329355632,
        65.69761897121214,
        -0.03761775040505995,
        -88.24071191239561,
        0.0021859697887039817,
        0.0028299057935964917,
        -124.36874461209575,
        -0.021671109840787517,
        3.2796612736246855,
        -2.0037881994655278,
        -0.01239177657734741,
        0.009891269264090266,
        0.06579840529453006,
        -0.20959428150480186,
        125.95596276340812,
        0.22918902489813203,
        -16.77241465762145,
        0.0
      ],
      [
        138968.51432715185,
        5435.045006280093,
        61.311951493306545,
        224440.15291339895,
        448915.81973075634,
        41334.297715560155,
        9.06234724199647,
        -145821.49344751379,
        -0.7067398791488484,
        15.06837928532439,
        -429936.6916419541,
        -7.6268787036988615,
        -2106.024141970106,
        5687.822114595794,
        1.1278034502415575,
        29.509320745697103,
        34.44806251417009,
        -183.02472314923477,
        461755.33447826386,
        209.44992725407917,
        -234854.85271631012,
        0.0
      ],
      [
        278002.7918359719,
        10918.07413768585,
        122.6579329355632,
        448915.81973075634,
        897902.8357032122,
        82717.5694760303,
        18.126267616039215,
        -291696.6663056095,
        -1.4096953545256452,
        30.137008890296666,
        -859974.5644778243,
        -15.28081157808785,
        -4201.869775758164,
        11353.8565351053,
        2.245611551774405,
        59.03439562404428,
        68.90544519512775,
        -366.3017672268048,
        923603.6951463344,
        419.1403654442548,
        -469705.0881959684,
        0.0
      ],
      [
        231159.68894924875,
        21179.332717914374,
        65.69761897121214,
        41334.297715560155,
        82717.5694760303,
        849811.5778668576,
        -34.29972255065976,
        -572008.7919877775,
        6.1120039097803165,
        58.70615379905867,
        -414591.65928539785,
        -17.700258960244458,
        2579.060555263509,
        -34600.13192125016,
        14.99627793511647,
        -30.764009234241406,
        21.667249921317605,
        -489.65581606827243,
        248270.41589917807,
        457.34028398331986,
        676633.8188034381,
        0.0
      ],
      [
        -7.59408442980414,
        -6.809318566915031,
        -0.03761775040505995,
        9.06234724199647,
        18.126267616039215,
        -34.29972255065976,
        0.03137332172154194,
        18.724520883685017,
        -0.0024904975966258134,
        -0.008982402372679669,
        0.10465361345257038,
        0.003177797351335529,
        6.279083948330876,
        -12.62828385949759,
        0.003481507744766895,
        0.003915997448673518,
        -0.032313720032483235,
        0.06702541384036051,
        9.636277851408323,
        -0.07436262152623196,
        -42.28417640009385,
        0.0
      ],
      [
        -191852.67948067997,
        -58818.75229275634,
        -88.24071191239561,
        -145821.49344751379,
        -291696.6663056095,
        -572008.7919877775,
        18.724520883685017,
        462448.5286056019,
        -4.837260961308904,
        -43.5355653012835,
        491442.0765979468,
        8.811169262350049,
        4.739667130786124,
        10893.523550367598,
        1.3413032925045434,
        -15.842598808596273,
        -68.76395017398184,
        619.8928725896978,
        -401689.179854098,
        -607.1447490200105,
        -318451.5568715594,
        0.0
      ],
      [
        3.229357503684967,
        9.139774246850617,
        0.0021859697887039817,
        -0.7067398791488484,
        -1.4096953545256452,
        6.1120039097803165,
        -0.0024904975966258134,
        -4.837260961308904,
        0.0017515023754358463,
        0.0018087869368882668,
        -2.8272558866543482,
        -0.001054892280927026,
        1.490564225533232,
        -2.688025985608455,
        -0.0022866439740083194,
        0.0002443334409292674,
        0.01746383074633024,
        -0.09388456888320859,
        0.9523601404381284,
        0.09292718096486437,
        7.088547696311982,
        0.0
      ],
      [
        45.29166244493561,
        8.165970386691344,
        0.0028299057935964917,
        15.06837928532439,
        30.137008890296666,
        58.70615379905867,
        -0.008982402372679669,
        -43.5355653012835,
        0.0018087869368882668,
        0.02670599223975961,
        -59.88097759982611,
        -0.003789358955516543,
        -3.219907161587126,
        3.8100368667617457,
        0.0017719148789663926,
        -0.007964894483581937,
        0.020909652237078483,
        -0.09779600578891158,
        48.02141966756025,
        0.0991213187153796,
        34.00346646059984,
        0.0
      ],
      [
        -407632.1878979313,
        -43154.15931160849,
        -124.36874461209575,
        -429936.6916419541,
        -859974.5644778243,
        -414591.65928539785,
        0.10465361345257038,
        491442.0765979468,
        -2.8272558866543482,
        -59.88097759982611,
        981500.3027126507,
        27.487150873610396,
        11631.486628506223,
        -13110.487459919259,
        -1.1845885806733383,
        -31.772619707852435,
        -74.60997064115654,
        591.9238437679502,
        -966710.5159940437,
        -619.7861578225227,
        156947.1935261094,
        0.0
      ],
      [
        -35.3622685381295,
        -21.517652976371796,
        -0.021671109840787517,
        -7.6268787036988615,
        -15.28081157808785,
        -17.700258960244458,
        0.003177797351335529,
        8.811169262350049,
        -0.001054892280927026,
        -0.003789358955516543,
        27.487150873610396,
        0.13535358696933997,
        -38.93859050974783,
        84.98726578194395,
        -0.005225659957068141,
        0.0407099735073114,
        0.08063219312586924,
        -0.24366263117665707,
        -24.409993058873198,
        0.25417259567738554,
        -2.5295639826054437,
        0.0
      ],
      [
        -14908.416529275157,
        17230.735931549025,
        3.2796612736246855,
        -2106.024141970106,
        -4201.869775758164,
        2579.060555263509,
        6.279083948330876,
        4.739667130786124,
        1.490564225533232,
        -3.219907161587126,
        11631.486628506223,
        -38.93859050974783,
        46213.11700601616,
        -97159.39382946916,
        0.40887707630987213,
        -16.455433091591892,
        -11.910868847964943,
        -56.692870992441044,
        -8938.690236517117,
        45.41347129882658,
        -1352.9327685294702,
        0.0
      ],
      [
        10344.280822919289,
        -14752.2000751337,
        -2.0037881994655278,
        5687.822114595794,
        11353.8565351053,
        -34600.13192125016,
        -12.62828385949759,
        10893.523550367598,
        -2.688025985608455,
        3.8100368667617457,
        -13110.487459919259,
        84.98726578194395,
        -97159.39382946916,
        208974.23948931965,
        -7.4866685655738205,
        45.55950435137104,
        42.41897508020601,
        31.197887754052278,
        14029.389111245948,
        -9.362291271282306,
        -20994.148337132116,
        0.0
      ],
      [
        5.417009017074786,
        -55.25002759393351,
        -0.01239177657734741,
        1.1278034502415575,
        2.245611551774405,
        14.99627793511647,
        0.003481507744766895,
        1.3413032925045434,
        -0.0022866439740083194,
        0.0017719148789663926,
        -1.1845885806733383,
        -0.005225659957068141,
        0.40887707630987213,
        -7.4866685655738205,
        0.046947366241902676,
        -0.02733841500839022,
        -0.043712448643032364,
        0.32020196104011084,
        0.6771042297718508,
        -0.31778245236811514,
        3.951853358795906,
        0.0
      ],
      [
        -42.34688171955223,
        36.85943531892025,
        0.009891269264090266,
        29.509320745697103,
        59.03439562404428,
        -30.764009234241406,
        0.003915997448673518,
        -15.842598808596273,
        0.0002443334409292674,
        -0.007964894483581937,
        -31.772619707852435,
        0.0407099735073114,
        -16.455433091591892,
        45.55950435137104,
        -0.02733841500839022,
        0.12486841539785236,
        0.06232987848530986,
        -0.2904287630476544,
        45.46431041697164,
        0.2814022901626547,
        -55.186162009772616,
        0.0
      ],
      [
        -20.426240117502818,
        125.70327944107285,
        0.06579840529453006,
        34.44806251417009,
        68.90544519512775,
        21.667249921317605,
        -0.032313720032483235,
        -68.76395017398184,
        0.01746383074633024,
        0.020909652237078483,
        -74.60997064115654,
        0.08063219312586924,
        -11.910868847964943,
        42.41897508020601,
        -0.043712448643032364,
        0.06232987848530986,
        0.6356209520394824,
        -2.817527559584999,
        74.33735010512018,
        2.819343060897378,
        -5.097020348144101,
        0.0
      ],
      [
        -78.92467272244822,
        -908.0209449101951,
        -0.20959428150480186,
        -183.02472314923477,
        -366.3017672268048,
        -489.65581606827243,
        0.06702541384036051,
        619.8928725896978,
        -0.09388456888320859,
        -0.09779600578891158,
        591.9238437679502,
        -0.24366263117665707,
        -56.692870992441044,
        31.197887754052278,
        0.32020196104011084,
        -0.2904287630476544,
        -2.817527559584999,
        17.069359908663998,
        -502.63442992758553,
        -16.859569547541255,
        -305.734657197755,
        0.0
      ],
      [
        368472.75464100565,
        31728.931354945627,
        125.95596276340812,
        461755.33447826386,
        923603.6951463344,
        248270.41589917807,
        9.636277851408323,
        -401689.179854098,
        0.9523601404381284,
        48.02141966756025,
        -966710.5159940437,
        -24.409993058873198,
        -8938.690236517117,
        14029.389111245948,
