{
  "q_values": [
    4.993753902611155,
    3.8379924900688622,
    5.404735667894842
  ],
  "weights": [
    [
      10.0,
      10.0,
      -1.412643916667816,
      -0.002728115125510522,
      0.0013664426643146266,
      -10.0,
      -0.11923246874709388,
      10.0,
      -0.758523756786072,
      0.36373349990263504,
      -10.0,
      -0.5945629787792581,
      -10.0,
      10.0,
      1.813628536624312,
      1.5825445369238682,
      -2.7011250967641756,
      0.25213619698919343,
      10.0,
      4.167230639856173,
      10.0,
      0.0
    ],
    [
      10.0,
      -10.0,
      -0.1307467363182031,
      -0.7690019999590731,
      -1.0832827425049345,
      10.0,
      0.08232681369768291,
      -10.0,
      -0.8033830300127338,
      0.09563914018484687,
      -10.0,
      -0.05826224727372775,
      -10.0,
      10.0,
      1.155276071071011,
      0.31774252486382437,
      -2.621046582019133,
      0.13557052328090347,
      10.0,
      1.0725943417177746,
      9.883370946089599,
      0.0
    ],
    [
      1.3837661109682813,
      -10.0,
      -1.307753985449481,
      0.5709780267206952,
      -0.28549035894684494,
      10.0,
      0.2448042870019287,
      -10.0,
      -0.5488935425271677,
      0.27154029309519156,
      10.0,
      -0.9422252817594838,
      -10.0,
      10.0,
      1.5006805019187652,
      0.21409828885742144,
      -2.759319112744535,
      0.6472053752953393,
      7.559877770207348e-06,
      8.122530157116358,
      0.0,
      0.0
    ]
  ],
  "cov_inv_matrices": [
    [
      [
        49243.88210408003,
        4738.799165628064,
        -34.1992463824937,
        -12.087207371328068,
        6.043594072134743,
        12080.78986052702,
        -8.283662446529497,
        -13651.862897506111,
        -1.2033881400045137,
        19.023203440088675,
        -13153.54763383274,
        -14.99510989148035,
        935.3745722982717,
        -1196.280645780645,
        3.525869890156288,
        -17.737501214074733,
        -4.685091985331652,
        -0.14772343710514851,
        -264.9769029988631,
        38.31139982446647,
        -848.5968559625268,
        0.0
      ],
      [
        4738.799165628064,
        97358.34181622435,
        -2.165756073343002,
        -3.3256696818263745,
        1.662842752206878,
        -6541.968275994555,
        2.305320423322737,
        -25490.96395622418,
        2.292158826141295,
        10.882720870640515,
        -10042.265844532587,
        -23.665311195981488,
        -613.5158099308892,
        -2408.5823018386027,
        -37.12429333938222,
        66.93233819659739,
        10.739659162385623,
        10.491163030259909,
        -193.10242276074536,
        6.827168995728881,
        1006.3468520207232,
        0.0
      ],
      [
        -34.1992463824937,
        -2.165756073343002,
        0.266460415347596,
        -0.04626952749888674,
        0.023134803124271807,
        -6.407408667158798,
        -0.06727807552534436,
        -7.833047925997922,
        0.005954820145092192,
        -0.024681912862911798,
        -23.795032315757766,
        -0.01571359469820964,
        -3.6943709870141612,
        3.876534958771109,
        0.008835666010827158,
        0.01979627221949303,
        0.0007963411637711079,
        -0.0016631189915720407,
        0.007817277828623168,
        0.07724331646691093,
        -0.2683312143025585,
        0.0
      ],
      [
        -12.087207371328068,
        -3.3256696818263745,
        -0.04626952749888674,
        170664.84821739414,
        341329.50792729773,
        -13.51409128754868,
        -0.01814826657853895,
        12.21847639056885,
        -0.0017652413669919965,
        0.03820563480544594,
        3.948720454208029,
        0.0008190692006739258,
        -0.9308338775492193,
        1.3064648983769884,
        -0.0142525970438786,
        -0.00684150302731195,
        0.0025672535969707678,
        0.0013933505063835156,
        0.19505803169844715,
        -0.04639300612674946,
        1.909689679467705,
        0.0
      ],
      [
        6.043594072134743,
        1.662842752206878,
        0.023134803124271807,
        341329.50792729773,
        682659.1101083878,
        6.7570523547885575,
        0.009074136419537727,
        -6.109244398998866,
        0.0008826213595908576,
        -0.019102833823359235,
        -1.974362548840408,
        -0.0004095310900498738,
        0.4654168869407062,
        -0.653233142035972,
        0.007126287192836573,
        0.0034207794647495545,
        -0.0012836218420638934,
        -0.0006966750169484641,
        -0.09752946761863251,
        0.023196574285805068,
        -0.9548437506968652,
        0.0
      ],
      [
        12080.78986052702,
        -6541.968275994555,
        -6.407408667158798,
        -13.51409128754868,
        6.7570523547885575,
        158903.46911178136,
        6.6701308010666285,
        -88265.44043055238,
        2.499982494074462,
        -9.227669955766494,
        -3111.518044295585,
        -36.34689179540444,
        -1260.890238828399,
        11.691009946264654,
        25.42950217751287,
        -13.188142760837916,
        11.314743988350227,
        7.251002601219563,
        122.70338562872145,
        -41.39429631113747,
        433.07438064566327,
        0.0
      ],
      [
        -8.283662446529497,
        2.305320423322737,
        -0.06727807552534436,
        -0.01814826657853895,
        0.009074136419537727,
        6.6701308010666285,
        0.06807866037404345,
        -0.9190904555254507,
        9.128844040561181e-05,
        -0.03408794544786538,
        8.375427636531189,
        0.011078754046956959,
        -0.025553386138734844,
        -0.19205731638525952,
        -0.005064079299448149,
        0.00859125701721931,
        -9.896825774392488e-05,
        0.0028982495303773214,
        0.3231003390334167,
        -0.05992968158760389,
        -0.12149198228372542,
        0.0
      ],
      [
        -13651.862897506111,
        -25490.96395622418,
        -7.833047925997922,
        12.21847639056885,
        -6.109244398998866,
        -88265.44043055238,
        -0.9190904555254507,
        72578.403431818,
        -1.5670038141509441,
        -2.6402196246848177,
        14278.610013287227,
        7.647452830774826,
        -75.15392810920932,
        2485.3469979689216,
        -10.593189336921661,
        -37.37306773964539,
        -0.03665235442923485,
        -6.217425480702417,
        -170.83701130296564,
        29.524777625378178,
        -822.4820964175657,
        0.0
      ],
      [
        -1.2033881400045137,
        2.292158826141295,
        0.005954820145092192,
        -0.0017652413669919965,
        0.0008826213595908576,
        2.499982494074462,
        9.128844040561181e-05,
        -1.5670038141509441,
        0.0021433296992184898,
        -0.0018511178165204942,
        -0.5001991777930165,
        -0.0028691908583442483,
        -0.43612437784495767,
        0.4989886541469676,
        -0.004190528063887295,
        0.0024531653207444937,
        -0.0010928180905321187,
        0.004873048504556617,
        0.10515184282609058,
        0.0011818128799622677,
        -0.07760757186931094,
        0.0
      ],
      [
        19.023203440088675,
        10.882720870640515,
        -0.024681912862911798,
        0.03820563480544594,
        -0.019102833823359235,
        -9.227669955766494,
        -0.03408794544786538,
        -2.6402196246848177,
        -0.0018511178165204942,
        0.07820281942518884,
        -15.907171762105568,
        -0.010693263143667872,
        0.4373455087654895,
        -0.7945730705652223,
        -0.004636442161418173,
        -0.00775659304464626,
        0.0015108298216488778,
        0.001521362552778714,
        -0.18401536764785822,
        0.016480748637217137,
        0.458812159675024,
        0.0
      ],
      [
        -13153.54763383274,
        -10042.265844532587,
        -23.795032315757766,
        3.948720454208029,
        -1.974362548840408,
        -3111.518044295585,
        8.375427636531189,
        14278.610013287227,
        -0.5001991777930165,
        -15.907171762105568,
        23396.816987229096,
        13.767004844387511,
        -518.2287856638702,
        755.2266752417701,
        1.8561684008184056,
        -1.1293567872668402,
        2.149356467843056,
        -1.4871607160320504,
        -47.742500645540964,
        -8.00444485578249,
        -147.54904448735329,
        0.0
      ],
      [
        -14.99510989148035,
        -23.665311195981488,
        -0.01571359469820964,
        0.0008190692006739258,
        -0.0004095310900498738,
        -36.34689179540444,
        0.011078754046956959,
        7.647452830774826,
        -0.0028691908583442483,
        -0.010693263143667872,
        13.767004844387511,
        0.30549023603175995,
        13.864398734910205,
        -25.96872283207542,
        0.016625935939045763,
        0.0698090360946812,
        -0.03472974846811566,
        -0.005498527601387644,
        0.19334507557546218,
        -0.014868753498004442,
        0.10602999593466889,
        0.0
      ],
      [
        935.3745722982717,
        -613.5158099308892,
        -3.6943709870141612,
        -0.9308338775492193,
        0.4654168869407062,
        -1260.890238828399,
        -0.025553386138734844,
        -75.15392810920932,
        -0.43612437784495767,
        0.4373455087654895,
        -518.2287856638702,
        13.864398734910205,
        8625.295196781555,
        -10992.272912797307,
        1.490126403748445,
        -2.226216383852443,
        -4.608297652250894,
        -3.636720439018327,
        -68.15125598345668,
        10.559940546232838,
        -562.5477744237846,
        0.0
      ],
      [
        -1196.280645780645,
        -2408.5823018386027,
        3.876534958771109,
        1.3064648983769884,
        -0.653233142035972,
        11.691009946264654,
        -0.19205731638525952,
        2485.3469979689216,
        0.4989886541469676,
        -0.7945730705652223,
        755.2266752417701,
        -25.96872283207542,
        -10992.272912797307,
        17192.530450214617,
        -0.02720490109920254,
        -1.4441914037914112,
        6.855208371438671,
        5.6908329565398335,
        54.02633342059163,
        -8.398930217564338,
        297.54805271070256,
        0.0
      ],
      [
        3.525869890156288,
        -37.12429333938222,
        0.008835666010827158,
        -0.0142525970438786,
        0.007126287192836573,
        25.42950217751287,
        -0.005064079299448149,
        -10.593189336921661,
        -0.004190528063887295,
        -0.004636442161418173,
        1.8561684008184056,
        0.016625935939045763,
        1.490126403748445,
        -0.02720490109920254,
        0.13341812717738505,
        -0.039057870917777106,
        -0.011933880670510107,
        -0.002518016311016254,
        0.27280256534511693,
        -0.11362371388260381,
        -1.0610479412744258,
        0.0
      ],
      [
        -17.737501214074733,
        66.93233819659739,
        0.01979627221949303,
        -0.00684150302731195,
        0.0034207794647495545,
        -13.188142760837916,
        0.00859125701721931,
        -37.37306773964539,
        0.0024531653207444937,
        -0.00775659304464626,
        -1.1293567872668402,
        0.0698090360946812,
        -2.226216383852443,
        -1.4441914037914112,
        -0.039057870917777106,
        0.2644148408980875,
        -0.012452952680070439,
        0.006686601403544885,
        -0.25194572739575677,
        0.02200026440002972,
        2.401228378039995,
        0.0
      ],
      [
        -4.685091985331652,
        10.739659162385623,
        0.0007963411637711079,
        0.0025672535969707678,
        -0.0012836218420638934,
        11.314743988350227,
        -9.896825774392488e-05,
        -0.03665235442923485,
        -0.0010928180905321187,
        0.0015108298216488778,
        2.149356467843056,
        -0.03472974846811566,
        -4.608297652250894,
        6.855208371438671,
        -0.011933880670510107,
        -0.012452952680070439,
        0.06039421686483401,
        0.0032983948629523654,
        -0.013562221477808972,
        -0.02539160212985306,
        -0.0797622768078586,
        0.0
      ],
      [
        -0.14772343710514851,
        10.491163030259909,
        -0.0016631189915720407,
        0.0013933505063835156,
        -0.0006966750169484641,
        7.251002601219563,
        0.0028982495303773214,
        -6.217425480702417,
        0.004873048504556617,
        0.001521362552778714,
        -1.4871607160320504,
        -0.005498527601387644,
        -3.636720439018327,
        5.6908329565398335,
        -0.002518016311016254,
        0.006686601403544885,
        0.0032983948629523654,
        0.051794672320412655,
        0.02523826369870833,
        0.0421243504444558,
        0.31301217468022613,
        0.0
      ],
      [
        -264.9769029988631,
        -193.10242276074536,
        0.007817277828623168,
        0.19505803169844715,
        -0.09752946761863251,
        122.70338562872145,
        0.3231003390334167,
        -170.83701130296564,
        0.10515184282609058,
        -0.18401536764785822,
        -47.742500645540964,
        0.19334507557546218,
        -68.15125598345668,
        54.02633342059163,
        0.27280256534511693,
        -0.25194572739575677,
        -0.013562221477808972,
        0.02523826369870833,
        74.42813791688566,
        -10.68624790558693,
        27.967685685236585,
        0.0
      ],
      [
        38.31139982446647,
        6.827168995728881,
        0.07724331646691093,
        -0.04639300612674946,
        0.023196574285805068,
        -41.39429631113747,
        -0.05992968158760389,
        29.524777625378178,
        0.0011818128799622677,
        0.016480748637217137,
        -8.00444485578249,
        -0.014868753498004442,
        10.559940546232838,
        -8.398930217564338,
        -0.11362371388260381,
        0.02200026440002972,
        -0.02539160212985306,
        0.0421243504444558,
        -10.68624790558693,
        1.813447311835634,
        -4.782325872190587,
        0.0
      ],
      [
        -848.5968559625268,
        1006.3468520207232,
        -0.2683312143025585,
        1.909689679467705,
        -0.9548437506968652,
        433.07438064566327,
        -0.12149198228372542,
        -822.4820964175657,
        -0.07760757186931094,
        0.458812159675024,
        -147.54904448735329,
        0.10602999593466889,
        -562.5477744237846,
        297.54805271070256,
        -1.0610479412744258,
        2.401228378039995,
        -0.0797622768078586,
        0.31301217468022613,
        27.967685685236585,
        -4.782325872190587,
        796.9407934291395,
        0.0
      ],
      [
        0.0,
        0.0,
        0.0,
        0.0,
        0.0,
        0.0,
        0.0,
        0.0,
        0.0,
        0.0,
        0.0,
        0.0,
        0.0,
        0.0,
        0.0,
        0.0,
        0.0,
        0.0,
        0.0,
        0.0,
        0.0,
        853323.8640719953
      ]
    ],
    [
      [
        97183.87392417,
        7247.503474760662,
        -114.84346448912504,
        -281.6031061436546,
        -519.770077797516,
        5093.568505221876,
        -7.061443901488064,
        -18398.398390987943,
        2.2613906401700485,
        28.32581111235201,
        -16113.19694930392,
        -17.95239421821589,
        -648.4856442617852,
        -1277.9246715822715,
        4.428892312227907,
        10.069022007697171,
        -9.495222433034082,
        -3.0167498070532344,
        10.429026701987837,
        26.556733636613785,
        -372.767061644343,
        0.0
      ],
      [
        7247.503474760662,
        217661.37498800573,
        17.43527657087422,
        4998.20241188823,
        10012.449008082836,
        -35979.37561317096,
        -2.9314473587924077,
        -26358.13092331779,
        19.609045421667727,
        2.4478265289387986,
        -11306.239656505182,
        -103.1324966802246,
        13908.97100182274,
        -23471.06975732508,
        -100.97510905480834,
        131.793734604014,
        23.699928327513117,
        10.434147602908872,
        -314.6021671761476,
        120.53580942465402,
        810.6878221146835,
        0.0
      ],
      [
        -114.84346448912504,
        17.43527657087422,
        0.520913940484197,
        0.42761263727783877,
        0.9933683375821474,
        -34.480967620440666,
        -0.09999967925067335,
        5.304353435464217,
        0.0028420664661787196,
        -0.04824206856633294,
        -30.08758800799397,
        0.003064707692410843,
        3.8825800251971145,
        -9.388283281856324,
        -0.024603174315108,
        0.04563205738832759,
        -0.01359219275811353,
        -0.012376379766631347,
        0.10777115266926446,
        0.021593586208997543,
        -0.3176855818644856,
        0.0
      ],
      [
        -281.6031061436546,
        4998.20241188823,
        0.42761263727783877,
        4063.665704327513,
        8127.631570113625,
        -3978.608375560353,
        0.10457196943081742,
        1782.3187257537402,
        -0.00034507509970299925,
        -0.33266734839552026,
        236.31697087782015,
        -1.4329382515360625,
        2596.0969085633883,
        -4217.372745232451,
        -3.0847067792513885,
        2.414546751937044,
        -0.5165230808993009,
        -0.11005163590973174,
        100.53242972646957,
        -8.912021860209158,
        -44.79977565686548,
        0.0
      ],
      [
        -519.770077797516,
        10012.449008082836,
        0.9933683375821474,
        8127.631570113625,
        16256.377815430034,
        -7953.583123618981,
        0.24007515004759478,
        3541.5985412411987,
        -0.002029950638799808,
        -0.7276351317891749,
        449.85748748395014,
        -2.8861440346662954,
        5197.473700170428,
        -8447.687658931838,
        -6.18099174596543,
        4.859511247202547,
        -1.0463161819655775,
        -0.24361533010603764,
        201.392491076584,
        -17.881224943487965,
        -90.9884969583419,
        0.0
      ],
      [
        5093.568505221876,
        -35979.37561317096,
        -34.480967620440666,
        -3978.608375560353,
        -7953.583123618981,
        256943.86243738674,
        15.066681433868839,
        -137173.65263024782,
        -4.034861273492524,
        2.9952017125837207,
        -6011.21796817083,
        -56.99473810727246,
        -4852.339015838392,
        9546.634215951268,
        47.3413527480032,
        -55.361910478189,
        41.517433295184645,
        21.828764352627175,
        235.84021218455248,
        -92.60072694718927,
        801.2476354274959,
        0.0
      ],
      [
        -7.061443901488064,
        -2.9314473587924077,
        -0.09999967925067335,
        0.10457196943081742,
        0.24007515004759478,
        15.066681433868839,
        0.08161922030812674,
        -5.208630812124382,
        -0.0024620173580012497,
        -0.023626456955316753,
        7.042463304042792,
        0.00916839576917976,
        1.2466958334295124,
        -2.737542759257434,
        0.001803490667087564,
        -0.007685943201620898,
        0.005460897283095402,
        0.0012089942095835156,
        0.04282038070556297,
        -0.03222274669987871,
        -0.0630202162678416,
        0.0
      ],
      [
        -18398.398390987943,
        -26358.13092331779,
        5.304353435464217,
        1782.3187257537402,
        3541.5985412411987,
        -137173.65263024782,
        -5.208630812124382,
        110465.29210858922,
        -2.826787584613983,
        -10.973948027030211,
        21468.49903353443,
        22.3660800468037,
        691.4547173743663,
        -481.23308196740356,
        -23.458864672297004,
        -49.2803863692334,
        -2.922950755765455,
        -4.145753081515792,
        -138.36084278617744,
        7.0892346546303395,
        133.34243224490615,
        0.0
      ],
      [
        2.2613906401700485,
        19.609045421667727,
        0.0028420664661787196,
        -0.00034507509970299925,
        -0.002029950638799808,
        -4.034861273492524,
        -0.0024620173580012497,
        -2.826787584613983,
        0.02457542104357936,
        0.0014770251224603616,
        -2.292771074782052,
        -0.004039226814883601,
        1.2557567271568195,
        -1.5210515376506768,
        -0.01374271227337856,
        0.021324256903534764,
        -0.007226877042198169,
        0.006836380658124704,
        -0.959081338454481,
        0.26840297297088583,
        -0.6717552408348129,
        0.0
      ],
      [
        28.32581111235201,
        2.4478265289387986,
        -0.04824206856633294,
        -0.33266734839552026,
        -0.7276351317891749,
        2.9952017125837207,
        -0.023626456955316753,
        -10.973948027030211,
        0.0014770251224603616,
        0.06135340159402247,
        -11.804390031383175,
        -0.0032645267911142286,
        -0.38188531939997195,
        0.3587681917226132,
        0.009088853881616055,
        0.003755077432336478,
        -0.0047776873648087154,
        0.0038753503152313745,
        -0.0931947316862122,
        0.03403246948127478,
        0.0838707287067788,
        0.0
      ],
      [
        -16113.19694930392,
        -11306.239656505182,
        -30.08758800799397,
        236.31697087782015,
        449.85748748395014,
        -6011.21796817083,
        7.042463304042792,
        21468.49903353443,
        -2.292771074782052,
        -11.804390031383175,
        26242.936635488873,
        11.769107471579591,
        -2694.560264663487,
        4520.090189467273,
        1.4892287285693664,
        -19.27779724145164,
        8.396399416542197,
        2.189010419409061,
        -13.354535048727524,
        -27.178817339997355,
        316.48363333476914,
        0.0
      ],
      [
        -17.95239421821589,
        -103.1324966802246,
        0.003064707692410843,
        -1.4329382515360625,
        -2.8861440346662954,
        -56.99473810727246,
        0.00916839576917976,
        22.3660800468037,
        -0.004039226814883601,
        -0.0032645267911142286,
        11.769107471579591,
        0.48779941489711404,
        0.5535344061302065,
        5.920417755992046,
        0.07979919714492337,
        0.042941065254384514,
        -0.09088134116146855,
        -0.013697240412185827,
        -0.005935689284578015,
        0.013455397647328369,
        -2.3840942963039193,
        0.0
      ],
      [
        -648.4856442617852,
        13908.97100182274,
        3.8825800251971145,
        2596.0969085633883,
        5197.473700170428,
        -4852.339015838392,
        1.2466958334295124,
        691.4547173743663,
        1.2557567271568195,
        -0.38188531939997195,
        -2694.560264663487,
        0.5535344061302065,
        23256.320717811668,
        -35221.55365309127,
        -8.374520789971378,
        5.157046400964732,
        -9.183514838737295,
        -1.8429685837053944,
        181.3446462366265,
        -7.8942006831689095,
        -156.11726203840357,
        0.0
      ],
      [
        -1277.9246715822715,
        -23471.06975732508,
        -9.388283281856324,
        -4217.372745232451,
        -8447.687658931838,
        9546.634215951268,
        -2.737542759257434,
        -481.23308196740356,
        -1.5210515376506768,
        0.3587681917226132,
        4520.090189467273,
        5.920417755992046,
        -35221.55365309127,
        60297.56508252352,
        12.24836834560204,
        -12.784412239945325,
        18.266544291817613,
        6.763233585772958,
        -193.62254798278934,
        3.1997184782199817,
        -79.86594632934063,
        0.0
      ],
      [
        4.428892312227907,
        -100.97510905480834,
        -0.024603174315108,
        -3.0847067792513885,
        -6.18099174596543,
        47.3413527480032,
        0.001803490667087564,
        -23.458864672297004,
        -0.01374271227337856,
        0.009088853881616055,
        1.4892287285693664,
        0.07979919714492337,
        -8.374520789971378,
        12.24836834560204,
        0.2045007560463678,
        -0.04682895289868569,
        -0.025185921108662888,
        -0.010598580285289198,
        0.04946567416119768,
        -0.16522093492727435,
        -1.0162250482273303,
        0.0
      ],
      [
        10.069022007697171,
        131.793734604014,
        0.04563205738832759,
        2.414546751937044,
        4.859511247202547,
        -55.361910478189,
        -0.007685943201620898,
        -49.2803863692334,
        0.021324256903534764,
        0.003755077432336478,
        -19.27779724145164,
        0.042941065254384514,
        5.157046400964732,
        -12.784412239945325,
        -0.04682895289868569,
        0.3786637662327882,
        -0.046734806099279436,
        -0.020969157668505982,
        -0.07820964511570513,
        0.12634997209581242,
        -1.232180626234807,
        0.0
      ],
      [
        -9.495222433034082,
        23.699928327513117,
        -0.01359219275811353,
        -0.5165230808993009,
        -1.0463161819655775,
        41.517433295184645,
        0.005460897283095402,
        -2.922950755765455,
        -0.007226877042198169,
        -0.0047776873648087154,
        8.396399416542197,
        -0.09088134116146855,
        -9.183514838737295,
        18.266544291817613,
        -0.025185921108662888,
        -0.046734806099279436,
        0.10412840097898013,
        0.022636251620765692,
        0.53479451006306,
        -0.11086689934265373,
        2.0174460104051817,
        0.0
      ],
      [
        -3.0167498070532344,
        10.434147602908872,
        -0.012376379766631347,
        -0.11005163590973174,
        -0.24361533010603764,
        21.828764352627175,
        0.0012089942095835156,
        -4.145753081515792,
        0.006836380658124704,
        0.0038753503152313745,
        2.189010419409061,
        -0.013697240412185827,
        -1.8429685837053944,
        6.763233585772958,
        -0.010598580285289198,
        -0.020969157668505982,
        0.022636251620765692,
        0.06335643220388162,
        0.20054689825648012,
        0.026115777647803175,
        -0.24308090405416777,
        0.0
      ],
      [
        10.429026701987837,
        -314.6021671761476,
        0.10777115266926446,
        100.53242972646957,
        201.392491076584,
        235.84021218455248,
        0.04282038070556297,
        -138.36084278617744,
        -0.959081338454481,
        -0.0931947316862122,
        -13.354535048727524,
        -0.005935689284578015,
        181.3446462366265,
        -193.62254798278934,
        0.04946567416119768,
        -0.07820964511570513,
        0.53479451006306,
        0.20054689825648012,
        188.95458722910143,
        -21.28074843728747,
        -77.1905163735438,
        0.0
      ],
      [
        26.556733636613785,
        120.53580942465402,
        0.021593586208997543,
        -8.912021860209158,
        -17.881224943487965,
        -92.60072694718927,
        -0.03222274669987871,
        7.0892346546303395,
        0.26840297297088583,
        0.03403246948127478,
        -27.178817339997355,
        0.013455397647328369,
        -7.8942006831689095,
        3.1997184782199817,
        -0.16522093492727435,
        0.12634997209581242,
        -0.11086689934265373,
        0.026115777647803175,
        -21.28074843728747,
        4.108809976129688,
        7.614681321299135,
        0.0
      ],
      [
        -372.767061644343,
        810.6878221146835,
        -0.3176855818644856,
        -44.79977565686548,
        -90.9884969583419,
        801.2476354274959,
        -0.0630202162678416,
        133.34243224490615,
        -0.6717552408348129,
        0.0838707287067788,
        316.48363333476914,
        -2.3840942963039193,
        -156.11726203840357,
        -79.86594632934063,
        -1.0162250482273303,
        -1.232180626234807,
        2.0174460104051817,
        -0.24308090405416777,
        -77.1905163735438,
        7.614681321299135,
        394.76183640512187,
        0.0
      ],
      [
        0.0,
        0.0,
        0.0,
        0.0,
        0.0,
        0.0,
        0.0,
        0.0,
        0.0,
        0.0,
        0.0,
        0.0,
        0.0,
        0.0,
        0.0,
        0.0,
        0.0,
        0.0,
        0.0,
        0.0,
        0.0,
        1000000.0
      ]
    ],
    [
      [
        24977.612608069812,
        5256.100159701387,
        -39.64332811413746,
        -2.926195833638884,
        1.463092452094895,
        6944.363643815266,
        1.3823717072514863,
        -10033.9958061272,
        0.8687206038806046,
        9.704311154369565,
        -5700.4830000444435,
        -2.0228366900259642,
        1529.94484382442,
        -3339.215257016836,
        5.629831825871513,
        5.92675666544938,
        -3.7054689907124905,
        -0.15185043259167816,
        3.1107902919331486e-07,
        8.494628231148042,
        0.0,
        0.0
      ],
      [
        5256.100159701387,
        61755.54778882979,
        -4.135738143887786,
        0.5119731514344941,
        -0.25600637287099204,
        -13227.322893777084,
        6.268513383078545,
        -8976.686704816333,
        4.2216443779542985,
        4.315892602751794,
        -6502.486509926065,
        -37.74829666511177,
        2.291888296282197,
        -4281.114864324674,
        -20.685981446960483,
        29.400847398295692,
        7.585090423973504,
        0.16915524452951824,
        -1.4505159319569595e-07,
        12.52037368154457,
        0.0,
        0.0
      ],
      [
        -39.64332811413746,
        -4.135738143887786,
        0.33680703533628525,
        -0.033512784609824736,
        0.016756447307657803,
        4.666266532602817,
        -0.10206907526121343,
        -8.22067118062842,
        3.322411389182264e-05,
        -0.019067744818644188,
        -13.7725731478523,
        0.001162580361830117,
        -3.3964871263817877,
        2.0681819064588347,
        -0.022648431562635123,
        0.02020155937947251,
        -0.008272443951438588,
        -0.002816845287683674,
        -8.479450891915332e-11,
        0.009924628195821888,
        0.0,
        0.0
      ],
      [
        -2.926195833638884,
        0.5119731514344941,
        -0.033512784609824736,
        184916.08603300448,
        369832.0682961441,
        -5.907570507341676,
        -0.004789996339267037,
        4.798940272025256,
        -9.768460045994489e-05,
        0.01946699224777911,
        1.5832645236799279,
        0.003687203283126072,
        -0.07435204556423529,
        0.5887711451436963,
        -0.00025029859152558105,
        -0.0084040842682953,
        0.002283637701315684,
        -0.0012879864569189904,
        -1.5710692479540194e-08,
        0.000644864689375662,
        0.0,
        0.0
      ],
      [
        1.463092452094895,
        -0.25600637287099204,
        0.016756447307657803,
        369832.0682961441,
        739664.1884773372,
        2.9538324296236995,
        0.002394997042932718,
        -2.39948629579572,
        4.884098493268813e-05,
        -0.00973351821105358,
        -0.7916290593212008,
        -0.0018436158250326102,
        0.03717653798359296,
        -0.2943858080582735,
        0.00012517610667859544,
        0.004201981611658483,
        -0.0011418168160527871,
        0.0006440023369106621,
        -2.382667528853418e-08,
        -0.00032245878922375115,
        0.0,
        0.0
      ],
      [
        6944.363643815266,
        -13227.322893777084,
        4.666266532602817,
        -5.907570507341676,
        2.9538324296236995,
        119129.7316213808,
        -5.439185741595894,
        -62239.41748127942,
        -0.5813411321575421,
        2.6862757734099922,
        -212.24900486457489,
        -27.45756581574436,
        -329.45797620137233,
        -718.5145395233146,
        12.698736952166811,
        -9.855043048875018,
        11.222272304111554,
        2.508529956376937,
        7.661705613714343e-07,
        -35.739851216000496,
        0.0,
        0.0
      ],
      [
        1.3823717072514863,
        6.268513383078545,
        -0.10206907526121343,
        -0.004789996339267037,
        0.002394997042932718,
        -5.439185741595894,
        0.07341581761513853,
        4.696010863773289,
        0.0004194582479509582,
        -0.020171034913000117,
        2.6494937833156245,
        -0.0030752721895185905,
        -0.32431650895791064,
        0.9543477536830536,
        0.003669613354592517,
        -0.00642480793876945,
        0.004033952842176076,
        0.003183075138141994,
        2.4860376910648187e-10,
        -0.002827525060983144,
        0.0,
        0.0
      ],
      [
        -10033.9958061272,
        -8976.686704816333,
        -8.22067118062842,
        4.798940272025256,
        -2.39948629579572,
        -62239.41748127942,
        4.696010863773289,
        43221.70926495386,
        -0.8199583035810865,
        -8.910386400734462,
        7316.550810065207,
        15.192812526102658,
        -714.0524476378964,
        2483.172535399607,
        -6.031157863342579,
        -13.711152435768238,
        -2.4587304630457845,
        -1.0739979182186343,
        -3.3631606609523086e-07,
        8.415629687701756,
        0.0,
        0.0
      ],
      [
        0.8687206038806046,
        4.2216443779542985,
        3.322411389182264e-05,
        -9.768460045994489e-05,
        4.884098493268813e-05,
        -0.5813411321575421,
        0.0004194582479509582,
        -0.8199583035810865,
        0.0015400518830067742,
        -0.00014438410400679624,
        -0.6437628296830273,
        -0.0022272858254913683,
        -0.2922443874965306,
        -0.014094171787149251,
        -0.003747789416468434,
        0.006300873836942247,
        -0.0027118928315950403,
        0.0032693602668931805,
        -1.3262822718019285e-09,
        0.009534298061219916,
        0.0,
        0.0
      ],
      [
        9.704311154369565,
        4.315892602751794,
        -0.019067744818644188,
        0.01946699224777911,
        -0.00973351821105358,
        2.6862757734099922,
        -0.020171034913000117,
        -8.910386400734462,
        -0.00014438410400679624,
        0.06261988190026697,
        -10.40430902021755,
        -0.005774410879704733,
        0.6012274724043385,
        -1.045999115071215,
        0.0035355439035384545,
        0.0002614963988434505,
        0.0004257327663038978,
        0.00031172331264364814,
        -1.6492126838312436e-09,
        0.007731852752328912,
        0.0,
        0.0
      ],
      [
        -5700.4830000444435,
        -6502.486509926065,
        -13.7725731478523,
        1.5832645236799279,
        -0.7916290593212008,
        -212.24900486457489,
        2.6494937833156245,
        7316.550810065207,
        -0.6437628296830273,
        -10.40430902021755,
        11729.676567329367,
        8.36470885270922,
        -754.7882109510463,
        1292.4965168859098,
        0.1998633410376502,
        -3.5976537407934996,
        1.9938152058666248,
        -0.7691388241226851,
        2.3747813460092058e-07,
        -10.020528743165913,
        0.0,
        0.0
      ],
      [
        -2.0228366900259642,
        -37.74829666511177,
        0.001162580361830117,
        0.003687203283126072,
        -0.0018436158250326102,
        -27.45756581574436,
        -0.0030752721895185905,
        15.192812526102658,
        -0.0022272858254913683,
        -0.005774410879704733,
        8.36470885270922,
        0.28432704529500175,
        12.349950548356261,
        -16.480471916949355,
        0.015636201191540362,
        0.02831827000818228,
        -0.02592401006526738,
        -0.00015026461629317944,
        -7.505118130061523e-10,
        0.01335159006631647,
        0.0,
        0.0
      ],
      [
        1529.94484382442,
        2.291888296282197,
        -3.3964871263817877,
        -0.07435204556423529,
        0.03717653798359296,
        -329.45797620137233,
        -0.32431650895791064,
        -714.0524476378964,
        -0.2922443874965306,
        0.6012274724043385,
        -754.7882109510463,
        12.349950548356261,
        7789.39012711258,
        -9660.312420425636,
        0.6391813552778752,
        0.17844516473922983,
        -3.2362690708010806,
        -3.4538607081275114,
        -6.994342312232565e-08,
        -0.303410795338646,
        0.0,
        0.0
      ],
      [
        -3339.215257016836,
        -4281.114864324674,
        2.0681819064588347,
        0.5887711451436963,
        -0.2943858080582735,
        -718.5145395233146,
        0.9543477536830536,
        2483.172535399607,
        -0.014094171787149251,
        -1.045999115071215,
        1292.4965168859098,
        -16.480471916949355,
        -9660.312420425636,
        14386.27346026211,
        1.4034337270764032,
        -1.869791654829113,
        4.204162520512652,
        5.03217259353348,
        -2.7081462230636468e-08,
        -0.7475233949394864,
        0.0,
        0.0
      ],
      [
        5.629831825871513,
        -20.685981446960483,
        -0.022648431562635123,
        -0.00025029859152558105,
        0.00012517610667859544,
        12.698736952166811,
        0.003669613354592517,
        -6.031157863342579,
        -0.003747789416468434,
        0.0035355439035384545,
        0.1998633410376502,
        0.015636201191540362,
        0.6391813552778752,
        1.4034337270764032,
        0.09536567324406905,
        -0.022603181764022137,
        -0.0016274112727561623,
        0.0031700826508374975,
        2.174454779777524e-10,
        -0.059078751135484414,
        0.0,
        0.0
      ],
      [
        5.92675666544938,
        29.400847398295692,
        0.02020155937947251,
        -0.0084040842682953,
        0.004201981611658483,
        -9.855043048875018,
        -0.00642480793876945,
        -13.711152435768238,
        0.006300873836942247,
        0.0002614963988434505,
        -3.5976537407934996,
        0.02831827000818228,
        0.17844516473922983,
        -1.869791654829113,
        -0.022603181764022137,
        0.17697643490738366,
        -0.009234940050395091,
        -0.00421026912962176,
        -9.226725217276662e-10,
        0.016967234432685066,
        0.0,
        0.0
      ],
      [
        -3.7054689907124905,
        7.585090423973504,
        -0.008272443951438588,
        0.002283637701315684,
        -0.0011418168160527871,
        11.222272304111554,
        0.004033952842176076,
        -2.4587304630457845,
        -0.0027118928315950403,
        0.0004257327663038978,
        1.9938152058666248,
        -0.02592401006526738,
        -3.2362690708010806,
        4.204162520512652,
        -0.0016274112727561623,
        -0.009234940050395091,
        0.05702875441934452,
        -0.0003136415236357872,
        1.0689200524676151e-10,
        -0.035262908756799015,
        0.0,
        0.0
      ],
      [
        -0.15185043259167816,
        0.16915524452951824,
        -0.002816845287683674,
        -0.0012879864569189904,
        0.0006440023369106621,
        2.508529956376937,
        0.003183075138141994,
        -1.0739979182186343,
        0.0032693602668931805,
        0.00031172331264364814,
        -0.7691388241226851,
        -0.00015026461629317944,
        -3.4538607081275114,
        5.03217259353348,
        0.0031700826508374975,
        -0.00421026912962176,
        -0.0003136415236357872,
        0.04474964726846081,
        7.645621372605834e-11,
        0.032406074826414256,
        0.0,
