{
  "q_values": [
    7.155197017727585,
    10.74928865650245,
    11.6652597190119
  ],
  "weights": [
    [
      -10.0,
      -10.0,
      -0.30860257189945184,
      -10.0,
      -10.0,
      -10.0,
      0.5257157728362064,
      10.0,
      0.7458153526749118,
      0.07673343016364238,
      -10.0,
      -0.21630077056811703,
      -10.0,
      10.0,
      1.3151261552544682,
      0.10010962500417264,
      -1.6172083143288676,
      -6.2724717009401525,
      10.0,
      7.949997689613227,
      -10.0,
      0.0
    ],
    [
      10.0,
      -10.0,
      0.5303190668356933,
      -10.0,
      -10.0,
      -10.0,
      -0.8449754182581455,
      10.0,
      0.7773049472116534,
      1.029295848878277,
      -10.0,
      0.7714848136269297,
      -10.0,
      10.0,
      2.26442437499535,
      -1.5072356779471,
      -2.0471507959085016,
      -4.832190732633492,
      -10.0,
      10.0,
      10.0,
      0.0
    ],
    [
      10.0,
      10.0,
      2.2282894998164693,
      10.0,
      10.0,
      10.0,
      -1.099602774112327,
      -10.0,
      0.8266793090010083,
      0.5613166857328906,
      -10.0,
      -0.11686447534418676,
      -10.0,
      10.0,
      0.8801076487810633,
      1.2220896950468614,
      -0.2795477379515461,
      -5.111750880971385,
      0.0034001602325588465,
      5.461788766160339,
      0.0,
      0.0
    ]
  ],
  "cov_inv_matrices": [
    [
      [
        144890.35870878675,
        18025.760314034265,
        -47.17917236195053,
        6454.34944565269,
        12946.6772308277,
        21304.749085393338,
        -6.911741215185872,
        -36749.72466927692,
        -0.08767627106761428,
        28.285953463802784,
        -71948.86895825485,
        -23.28076362107424,
        -2300.177711284414,
        -3607.5920576416293,
        -10.771408334200814,
        1.6895803207374858,
        -0.2499760274107134,
        -3.333021490236597,
        -214.3147966985979,
        29.047689059765585,
        98.42389686462504,
        0.0
      ],
      [
        18025.760314034265,
        455312.2341348999,
        -7.897502714176737,
        -5543.806163010632,
        -11105.368548898456,
        -119396.81038384771,
        10.029369693739204,
        -71836.5502300194,
        -1.1020711387932034,
        16.84652513654888,
        -38082.520468261966,
        -25.580735868599074,
        -6016.978141324718,
        4059.8338965761777,
        -75.14465137004028,
        167.5904234722391,
        48.86295541573885,
        36.985594843032786,
        12.623941553788377,
        -124.97189338770508,
        -1704.647120416551,
        0.0
      ],
      [
        -47.17917236195053,
        -7.897502714176737,
        0.23138357852572675,
        -22.736457182496743,
        -45.38310109483171,
        90.77220785488399,
        -0.0950871521353907,
        -59.204601893038756,
        -0.0012978690351549528,
        -0.034500112819767254,
        -18.39361286423136,
        0.00225745175324674,
        6.7690927335986455,
        -8.759226676900466,
        0.009412754550388437,
        0.028560124743145215,
        -0.030426554386294373,
        -0.00010942609854999345,
        0.3017686922180719,
        -0.0425559944902056,
        -0.8121326846541385,
        0.0
      ],
      [
        6454.34944565269,
        -5543.806163010632,
        -22.736457182496743,
        13275.657404576794,
        26519.33915021048,
        -6023.730759204285,
        0.415015318356562,
        8973.214988972419,
        0.7767097430294156,
        10.312789715850307,
        107.64888137494262,
        -20.98104990310239,
        2224.676787146318,
        -3624.2540879714315,
        -5.1875751736476765,
        -26.323120450021936,
        15.373036343855263,
        4.558010899339249,
        111.70837450478238,
        -2.01416018882947,
        179.77340069922397,
        0.0
      ],
      [
        12946.6772308277,
        -11105.368548898456,
        -45.38310109483171,
        26519.33915021048,
        52974.990043975355,
        -12001.558072313426,
        0.835368654170757,
        17916.817075574472,
        1.5519386738335907,
        20.57433959488135,
        193.16414509465415,
        -41.974907122163984,
        4459.789001385063,
        -7262.678127968538,
        -10.360638115688944,
        -52.636684166399846,
        30.72196727793306,
        9.115640430863976,
        222.70330925842376,
        -3.9518638526689034,
        359.38557944870627,
        0.0
      ],
      [
        21304.749085393338,
        -119396.81038384771,
        90.77220785488399,
        -6023.730759204285,
        -12001.558072313426,
        900613.999603701,
        -48.704236900600364,
        -522620.41665875603,
        -0.8378007171398442,
        -18.282224511639487,
        -78978.58875923614,
        -80.67375005253079,
        30402.00895491185,
        -42483.924508262004,
        58.75180912729597,
        29.1751798433617,
        2.1509547361009282,
        23.1377744641497,
        -214.14446193395133,
        18.56996800415636,
        6374.325958264217,
        0.0
      ],
      [
        -6.911741215185872,
        10.029369693739204,
        -0.0950871521353907,
        0.415015318356562,
        0.835368654170757,
        -48.704236900600364,
        0.08140741693678308,
        29.406206863784973,
        8.957016464563683e-05,
        -0.010855517165897858,
        9.861531220403172,
        0.00721737281018286,
        -6.695983486597447,
        9.986475768983382,
        -0.0036911038952516535,
        -0.006461678312476444,
        0.00878398808382579,
        -0.0010053926697381425,
        -0.40040345755277273,
        0.04286267495656753,
        -0.02377283967541031,
        0.0
      ],
      [
        -36749.72466927692,
        -71836.5502300194,
        -59.204601893038756,
        8973.214988972419,
        17916.817075574472,
        -522620.41665875603,
        29.406206863784973,
        357111.59396417445,
        1.2077875720466613,
        1.8962632694942934,
        87137.25031118613,
        57.7917285996047,
        -15829.967055022502,
        20472.329923356607,
        -13.53600823578778,
        -80.23198019086415,
        -8.527766091492133,
        -22.50511522165841,
        220.53819423876416,
        20.141315686823692,
        -3050.117195590669,
        0.0
      ],
      [
        -0.08767627106761428,
        -1.1020711387932034,
        -0.0012978690351549528,
        0.7767097430294156,
        1.5519386738335907,
        -0.8378007171398442,
        8.957016464563683e-05,
        1.2077875720466613,
        0.0008780541815959281,
        7.577306103138061e-05,
        0.5060789405310926,
        -0.0006401756719626258,
        -1.011068355085342,
        1.6409456282667023,
        -0.0003133942317472113,
        -0.00011815796308031922,
        0.00563077568159231,
        -0.0014403504132372885,
        -0.03976742432258924,
        -0.0004934376964060176,
        0.06548439203582743,
        0.0
      ],
      [
        28.285953463802784,
        16.84652513654888,
        -0.034500112819767254,
        10.312789715850307,
        20.57433959488135,
        -18.282224511639487,
        -0.010855517165897858,
        1.8962632694942934,
        7.577306103138061e-05,
        0.0530344680279925,
        -19.08018339914007,
        -0.015834040729253773,
        0.7419117835151635,
        -2.057213159444127,
        -0.006940050977255608,
        -0.004427030935285013,
        0.00745598175883388,
        -0.00011139951594509024,
        0.03224012749704257,
        -0.0010710633823779632,
        -0.04966592856619971,
        0.0
      ],
      [
        -71948.86895825485,
        -38082.520468261966,
        -18.39361286423136,
        107.64888137494262,
        193.16414509465415,
        -78978.58875923614,
        9.861531220403172,
        87137.25031118613,
        0.5060789405310926,
        -19.08018339914007,
        110311.03428627769,
        39.12457275917157,
        -2571.4163155858478,
        1030.9041806251137,
        6.312382853055866,
        -18.246048688866388,
        3.246459990728838,
        -2.932053611659131,
        133.94174295687353,
        -8.748573107016444,
        308.9373194491693,
        0.0
      ],
      [
        -23.28076362107424,
        -25.580735868599074,
        0.00225745175324674,
        -20.98104990310239,
        -41.974907122163984,
        -80.67375005253079,
        0.00721737281018286,
        57.7917285996047,
        -0.0006401756719626258,
        -0.015834040729253773,
        39.12457275917157,
        0.20799168585416658,
        -8.102275909639703,
        -4.060668291415983,
        0.018158784877714888,
        -0.0030222517467975805,
        -0.023109611429661683,
        -0.010775072765591764,
        0.4308817236655032,
        -0.03897690619216377,
        -0.5520219501350321,
        0.0
      ],
      [
        -2300.177711284414,
        -6016.978141324718,
        6.7690927335986455,
        2224.676787146318,
        4459.789001385063,
        30402.00895491185,
        -6.695983486597447,
        -15829.967055022502,
        -1.011068355085342,
        0.7419117835151635,
        -2571.4163155858478,
        -8.102275909639703,
        26794.52928814842,
        -40380.633889931516,
        7.372791898379735,
        -7.722469399832649,
        -7.276205131083417,
        4.766561324152138,
        55.37437260187986,
        -2.4375204153728744,
        -277.9664430330168,
        0.0
      ],
      [
        -3607.5920576416293,
        4059.8338965761777,
        -8.759226676900466,
        -3624.2540879714315,
        -7262.678127968538,
        -42483.924508262004,
        9.986475768983382,
        20472.329923356607,
        1.6409456282667023,
        -2.057213159444127,
        1030.9041806251137,
        -4.060668291415983,
        -40380.633889931516,
        84312.97885324898,
        -6.303233648033994,
        10.352702144587585,
        10.48216184029518,
        -9.068148631068226,
        76.45565085360487,
        -16.468622194083352,
        -4.734992936009162,
        0.0
      ],
      [
        -10.771408334200814,
        -75.14465137004028,
        0.009412754550388437,
        -5.1875751736476765,
        -10.360638115688944,
        58.75180912729597,
        -0.0036911038952516535,
        -13.53600823578778,
        -0.0003133942317472113,
        -0.006940050977255608,
        6.312382853055866,
        0.018158784877714888,
        7.372791898379735,
        -6.303233648033994,
        0.09857561963665387,
        -0.03274418819927479,
        -0.01583770670722162,
        -0.008535722909813828,
        -0.5534702053930973,
        0.03301194782660763,
        0.999830486263956,
        0.0
      ],
      [
        1.6895803207374858,
        167.5904234722391,
        0.028560124743145215,
        -26.323120450021936,
        -52.636684166399846,
        29.1751798433617,
        -0.006461678312476444,
        -80.23198019086415,
        -0.00011815796308031922,
        -0.004427030935285013,
        -18.246048688866388,
        -0.0030222517467975805,
        -7.722469399832649,
        10.352702144587585,
        -0.03274418819927479,
        0.18007523322446034,
        0.008788240544535132,
        0.015845414104172135,
        0.28272415180322763,
        -0.11619187360171421,
        0.9992201763411948,
        0.0
      ],
      [
        -0.2499760274107134,
        48.86295541573885,
        -0.030426554386294373,
        15.373036343855263,
        30.72196727793306,
        2.1509547361009282,
        0.00878398808382579,
        -8.527766091492133,
        0.00563077568159231,
        0.00745598175883388,
        3.246459990728838,
        -0.023109611429661683,
        -7.276205131083417,
        10.48216184029518,
        -0.01583770670722162,
        0.008788240544535132,
        0.08629734934553916,
        0.01783881961698411,
        -0.21978574723943523,
        -0.010937231063714758,
        2.3759345589369314,
        0.0
      ],
      [
        -3.333021490236597,
        36.985594843032786,
        -0.00010942609854999345,
        4.558010899339249,
        9.115640430863976,
        23.1377744641497,
        -0.0010053926697381425,
        -22.50511522165841,
        -0.0014403504132372885,
        -0.00011139951594509024,
        -2.932053611659131,
        -0.010775072765591764,
        4.766561324152138,
        -9.068148631068226,
        -0.008535722909813828,
        0.015845414104172135,
        0.01783881961698411,
        0.06725341361370119,
        -0.15360551636499004,
        0.03951575351856599,
        2.00886942768741,
        0.0
      ],
      [
        -214.3147966985979,
        12.623941553788377,
        0.3017686922180719,
        111.70837450478238,
        222.70330925842376,
        -214.14446193395133,
        -0.40040345755277273,
        220.53819423876416,
        -0.03976742432258924,
        0.03224012749704257,
        133.94174295687353,
        0.4308817236655032,
        55.37437260187986,
        76.45565085360487,
        -0.5534702053930973,
        0.28272415180322763,
        -0.21978574723943523,
        -0.15360551636499004,
        555.1620013007911,
        -58.87659822861712,
        -73.54529924637356,
        0.0
      ],
      [
        29.047689059765585,
        -124.97189338770508,
        -0.0425559944902056,
        -2.01416018882947,
        -3.9518638526689034,
        18.56996800415636,
        0.04286267495656753,
        20.141315686823692,
        -0.0004934376964060176,
        -0.0010710633823779632,
        -8.748573107016444,
        -0.03897690619216377,
        -2.4375204153728744,
        -16.468622194083352,
        0.03301194782660763,
        -0.11619187360171421,
        -0.010937231063714758,
        0.03951575351856599,
        -58.87659822861712,
        6.382342549486543,
        8.95343183215239,
        0.0
      ],
      [
        98.42389686462504,
        -1704.647120416551,
        -0.8121326846541385,
        179.77340069922397,
        359.38557944870627,
        6374.325958264217,
        -0.02377283967541031,
        -3050.117195590669,
        0.06548439203582743,
        -0.04966592856619971,
        308.9373194491693,
        -0.5520219501350321,
        -277.9664430330168,
        -4.734992936009162,
        0.999830486263956,
        0.9992201763411948,
        2.3759345589369314,
        2.00886942768741,
        -73.54529924637356,
        8.95343183215239,
        575.7211186967173,
        0.0
      ],
      [
        0.0,
        0.0,
        0.0,
        0.0,
        0.0,
        0.0,
        0.0,
        0.0,
        0.0,
        0.0,
        0.0,
        0.0,
        0.0,
        0.0,
        0.0,
        0.0,
        0.0,
        0.0,
        0.0,
        0.0,
        0.0,
        1000000.0
      ]
    ],
    [
      [
        207199.04231218016,
        41628.61879373835,
        -35.933942376278694,
        13841.549622810213,
        27722.63564659856,
        58355.28478652325,
        -29.99129952733429,
        -77824.29338026319,
        0.7325731858318771,
        48.984392719451364,
        -92108.61257699985,
        -1.648066022212601,
        -4014.156946097865,
        -2081.6671880146605,
        -3.139370826703649,
        23.427006508678257,
        6.011122161091789,
        -4.283562999223918,
        -84.327357051766,
        -6.771871469190449,
        -3276.324801811784,
        0.0
      ],
      [
        41628.61879373835,
        548686.8323092005,
        10.16631542251249,
        -58235.61504299731,
        -116428.93452255432,
        -40930.1753542965,
        -4.886356338427163,
        -88164.93639057856,
        -8.863516902938667,
        11.118708595210322,
        -25391.999452458433,
        -64.2526262355934,
        1011.0521926953581,
        -10760.542418297384,
        -123.18368226376123,
        154.8099661439145,
        76.08473840732472,
        95.68572759824639,
        17.10653215407578,
        -94.01747094627419,
        -307.0595590885646,
        0.0
      ],
      [
        -35.933942376278694,
        10.16631542251249,
        0.20021325227257605,
        40.29842823647606,
        80.67619044294297,
        82.20564923491148,
        -0.0724266199454298,
        -59.03150309771432,
        -0.0004952534661471028,
        -0.02750114222897214,
        -42.480194303252446,
        -0.003997462574803082,
        2.4214014541099766,
        -9.132875720070079,
        -0.006538500785124688,
        0.003193890932652479,
        -0.0067291973760007645,
        0.007361599005115108,
        0.04899870747754789,
        -0.010301089919349126,
        -0.7587184179440313,
        0.0
      ],
      [
        13841.549622810213,
        -58235.61504299731,
        40.29842823647606,
        191246.5609247047,
        382490.2368194429,
        376209.5501572572,
        -12.922293212480556,
        -259167.5983214646,
        1.6229798845239642,
        4.3141279758493365,
        -65684.09667734672,
        -2.991204210153853,
        12173.994304853715,
        -16602.52792034719,
        25.295457034797316,
        17.45572702206719,
        -21.85485682761156,
        -16.022680132221407,
        50.4337688719898,
        2.329579828888736,
        80.00350294407158,
        0.0
      ],
      [
        27722.63564659856,
        -116428.93452255432,
        80.67619044294297,
        382490.2368194429,
        764974.9557312124,
        752423.5839539086,
        -25.830460257873767,
        -518351.1693588942,
        3.245632750914807,
        8.566100715553507,
        -131384.5809858781,
        -5.981758144599491,
        24355.804587517337,
        -33219.87706497875,
        50.5937856205033,
        34.923628626384925,
        -43.728449957045086,
        -32.03510262781027,
        100.99729823342025,
        4.6239077146334076,
        162.0055868023121,
        0.0
      ],
      [
        58355.28478652325,
        -40930.1753542965,
        82.20564923491148,
        376209.5501572572,
        752423.5839539086,
        755024.1868180159,
        -30.79114914076313,
        -540602.4851162783,
        2.1339342654546942,
        17.334922678082386,
        -155837.59583673195,
        -18.33452283049843,
        23169.11968934402,
        -32907.77061938887,
        34.270749553491534,
        55.04070685773557,
        -32.55321219425325,
        -19.92273100867148,
        83.59954367380826,
        -7.439037704806484,
        -265.2074522198501,
        0.0
      ],
      [
        -29.99129952733429,
        -4.886356338427163,
        -0.0724266199454298,
        -12.922293212480556,
        -25.830460257873767,
        -30.79114914076313,
        0.07714580107259843,
        27.399876730212924,
        -0.0006918688116274239,
        -0.03201705533498876,
        23.193465190474228,
        0.0011253631432131125,
        -0.782558221100176,
        2.389272357642101,
        0.0066476693790941685,
        -0.008820921136583785,
        -0.009282129265483397,
        0.00047725788969977894,
        -0.03612012638019391,
        0.00308093892328987,
        0.5822518623161208,
        0.0
      ],
      [
        -77824.29338026319,
        -88164.93639057856,
        -59.03150309771432,
        -259167.5983214646,
        -518351.1693588942,
        -540602.4851162783,
        27.399876730212924,
        418077.09533656674,
        -0.3534791973308682,
        -21.874162279568452,
        136513.94929895585,
        31.070961029112077,
        -7226.22880281377,
        11567.90272560476,
        0.46208327654953263,
        -73.04223429769188,
        3.3799897600840794,
        -2.349504670084955,
        -49.16935516538753,
        26.83830240341606,
        625.0692581109076,
        0.0
      ],
      [
        0.7325731858318771,
        -8.863516902938667,
        -0.0004952534661471028,
        1.6229798845239642,
        3.245632750914807,
        2.1339342654546942,
        -0.0006918688116274239,
        -0.3534791973308682,
        0.00438810006469945,
        0.0006641434936003555,
        0.6082584875641606,
        -0.002583515118068292,
        -5.066585057210309,
        7.182739889380128,
        0.0025336404730324654,
        -0.0015434997809273723,
        0.021017069363669455,
        -0.007901995157908548,
        -0.027663401297018338,
        -0.021626968585119945,
        0.0010425186631849788,
        0.0
      ],
      [
        48.984392719451364,
        11.118708595210322,
        -0.02750114222897214,
        4.3141279758493365,
        8.566100715553507,
        17.334922678082386,
        -0.03201705533498876,
        -21.874162279568452,
        0.0006641434936003555,
        0.07877527930529057,
        -34.48806336575426,
        -0.013902366312579942,
        3.158285272845279,
        -3.662143778972458,
        -0.001209524861887568,
        -0.0011017254121380255,
        0.01750567838817532,
        -0.0013742972041979119,
        -0.08754741754926063,
        0.0036516077663188967,
        -1.5855114897775084,
        0.0
      ],
      [
        -92108.61257699985,
        -25391.999452458433,
        -42.480194303252446,
        -65684.09667734672,
        -131384.5809858781,
        -155837.59583673195,
        23.193465190474228,
        136513.94929895585,
        0.6082584875641606,
        -34.48806336575426,
        151499.56085580573,
        36.45842449341401,
        -1212.299239083704,
        1021.6924465719267,
        0.8447221257795962,
        0.24281681968286123,
        -2.2895753990615586,
        -2.6416431165695355,
        96.57704523510566,
        -2.7163627314869014,
        795.5433157409312,
        0.0
      ],
      [
        -1.648066022212601,
        -64.2526262355934,
        -0.003997462574803082,
        -2.991204210153853,
        -5.981758144599491,
        -18.33452283049843,
        0.0011253631432131125,
        31.070961029112077,
        -0.002583515118068292,
        -0.013902366312579942,
        36.45842449341401,
        0.3484159314075004,
        -0.7195382662225118,
        -21.621650588754257,
        0.0015041385401759577,
        -0.008443955077239843,
        -0.03877803079626639,
        -0.006010226725397449,
        0.10633045887322065,
        0.03929779080971262,
        -1.8291968466310113,
        0.0
      ],
      [
        -4014.156946097865,
        1011.0521926953581,
        2.4214014541099766,
        12173.994304853715,
        24355.804587517337,
        23169.11968934402,
        -0.782558221100176,
        -7226.22880281377,
        -5.066585057210309,
        3.158285272845279,
        -1212.299239083704,
        -0.7195382662225118,
        82124.52644366663,
        -109662.96716080536,
        -2.4162566985539753,
        -2.315084047295563,
        -29.620324285994844,
        20.133526437740986,
        -41.83633648975254,
        16.034240734984323,
        -2250.2291793168906,
        0.0
      ],
      [
        -2081.6671880146605,
        -10760.542418297384,
        -9.132875720070079,
        -16602.52792034719,
        -33219.87706497875,
        -32907.77061938887,
        2.389272357642101,
        11567.90272560476,
        7.182739889380128,
        -3.662143778972458,
        1021.6924465719267,
        -21.621650588754257,
        -109662.96716080536,
        166704.06990645794,
        8.020333853737245,
        -1.0786476479021965,
        41.277822543523584,
        -30.177026988436346,
        41.384583336655865,
        -23.383753793271143,
        1543.1873964692404,
        0.0
      ],
      [
        -3.139370826703649,
        -123.18368226376123,
        -0.006538500785124688,
        25.295457034797316,
        50.5937856205033,
        34.270749553491534,
        0.0066476693790941685,
        0.46208327654953263,
        0.0025336404730324654,
        -0.001209524861887568,
        0.8447221257795962,
        0.0015041385401759577,
        -2.4162566985539753,
        8.020333853737245,
        0.11307832908591843,
        -0.0611267753911845,
        -0.021410237576233657,
        -0.023582491150528868,
        -0.16935125069532414,
        -0.008651777767636933,
        0.5156164618882846,
        0.0
      ],
      [
        23.427006508678257,
        154.8099661439145,
        0.003193890932652479,
        17.45572702206719,
        34.923628626384925,
        55.04070685773557,
        -0.008820921136583785,
        -73.04223429769188,
        -0.0015434997809273723,
        -0.0011017254121380255,
        0.24281681968286123,
        -0.008443955077239843,
        -2.315084047295563,
        -1.0786476479021965,
        -0.0611267753911845,
        0.16610978176826705,
        0.030759281790002663,
        0.024860926899751577,
        0.12481532999400813,
        -0.06097546544787483,
        0.6691080192611651,
        0.0
      ],
      [
        6.011122161091789,
        76.08473840732472,
        -0.0067291973760007645,
        -21.85485682761156,
        -43.728449957045086,
        -32.55321219425325,
        -0.009282129265483397,
        3.3799897600840794,
        0.021017069363669455,
        0.01750567838817532,
        -2.2895753990615586,
        -0.03877803079626639,
        -29.620324285994844,
        41.277822543523584,
        -0.021410237576233657,
        0.030759281790002663,
        0.15339385999814953,
        -0.008655245412456,
        -0.1889726663568623,
        -0.13516591856595375,
        -0.024192803224599067,
        0.0
      ],
      [
        -4.283562999223918,
        95.68572759824639,
        0.007361599005115108,
        -16.022680132221407,
        -32.03510262781027,
        -19.92273100867148,
        0.00047725788969977894,
        -2.349504670084955,
        -0.007901995157908548,
        -0.0013742972041979119,
        -2.6416431165695355,
        -0.006010226725397449,
        20.133526437740986,
        -30.177026988436346,
        -0.023582491150528868,
        0.024860926899751577,
        -0.008655245412456,
        0.08586020656827148,
        0.04355863987258938,
        0.008553341761548452,
        0.9810180629327696,
        0.0
      ],
      [
        -84.327357051766,
        17.10653215407578,
        0.04899870747754789,
        50.4337688719898,
        100.99729823342025,
        83.59954367380826,
        -0.03612012638019391,
        -49.16935516538753,
        -0.027663401297018338,
        -0.08754741754926063,
        96.57704523510566,
        0.10633045887322065,
        -41.83633648975254,
        41.384583336655865,
        -0.16935125069532414,
        0.12481532999400813,
        -0.1889726663568623,
        0.04355863987258938,
        7.869788607300868,
        -0.06764078008798251,
        145.53509444182347,
        0.0
      ],
      [
        -6.771871469190449,
        -94.01747094627419,
        -0.010301089919349126,
        2.329579828888736,
        4.6239077146334076,
        -7.439037704806484,
        0.00308093892328987,
        26.83830240341606,
        -0.021626968585119945,
        0.0036516077663188967,
        -2.7163627314869014,
        0.03929779080971262,
        16.034240734984323,
        -23.383753793271143,
        -0.008651777767636933,
        -0.06097546544787483,
        -0.13516591856595375,
        0.008553341761548452,
        -0.06764078008798251,
        0.19708913736533185,
        -0.5709196613209713,
        0.0
      ],
      [
        -3276.324801811784,
        -307.0595590885646,
        -0.7587184179440313,
        80.00350294407158,
        162.0055868023121,
        -265.2074522198501,
        0.5822518623161208,
        625.0692581109076,
        0.0010425186631849788,
        -1.5855114897775084,
        795.5433157409312,
        -1.8291968466310113,
        -2250.2291793168906,
        1543.1873964692404,
        0.5156164618882846,
        0.6691080192611651,
        -0.024192803224599067,
        0.9810180629327696,
        145.53509444182347,
        -0.5709196613209713,
        9423.744099283063,
        0.0
      ],
      [
        0.0,
        0.0,
        0.0,
        0.0,
        0.0,
        0.0,
        0.0,
        0.0,
        0.0,
        0.0,
        0.0,
        0.0,
        0.0,
        0.0,
        0.0,
        0.0,
        0.0,
        0.0,
        0.0,
        0.0,
        0.0,
        1000000.0
      ]
    ],
    [
      [
        118031.28887613343,
        16501.23285728534,
        -27.331461282996333,
        36826.60872853824,
        73678.92341121324,
        15897.327625843984,
        -6.416985705457618,
        -39762.484147380834,
        0.7821953319132995,
        21.349213338659435,
        -77907.36076605058,
        -10.29354233680903,
        -6314.727714842299,
        4308.437288480988,
        -2.1255997482603584,
        3.0246753263755757,
        0.4883676077311506,
        -9.54584759021644,
        0.017170666325218104,
        2.202684955149776,
        0.0,
        0.0
      ],
      [
        16501.23285728534,
        338099.56918478804,
        3.0275514370218493,
        -6630.660722220546,
        -13264.612681814273,
        -110841.81396078467,
        2.7431326771384597,
        -38411.80962582081,
        0.30659904065649013,
        15.19264982241525,
        -24271.76053855356,
        -29.54946449793778,
        -18457.527095073707,
        15699.795208586866,
        -81.45754582212126,
        130.1605858434196,
        53.18487962770146,
        42.33032347935836,
        -0.0012200816217807042,
        -62.16736686287099,
        0.0,
        0.0
      ],
      [
        -27.331461282996333,
        3.0275514370218493,
        0.24886059550217005,
        -12.597595092404381,
        -25.077993106435677,
        59.70388453396075,
        -0.11454805007947871,
        -37.83192231426431,
        -0.0015215468671679103,
        -0.04805213357409995,
        -4.503015499572507,
        0.004300066958095116,
        3.795964861981146,
        -13.027050501194905,
        0.016448460586204697,
        0.01633710726795342,
        -0.019066016865865225,
        0.00429570264387209,
        3.0843543677161035e-06,
        -0.014183115599592375,
        0.0,
        0.0
      ],
      [
        36826.60872853824,
        -6630.660722220546,
        -12.597595092404381,
        188468.28975891456,
        376917.9923346595,
        53794.09319356578,
        4.929999207912908,
        4374.848429649573,
        -4.3234104992202465,
        13.155220734732122,
        -71560.3015824712,
        -19.183644969880838,
        -674.5681413541438,
        2777.1622518417066,
        -17.33962367876004,
        -37.61548261355708,
        -2.094499757896066,
        20.229305966580043,
        -20618.010017311564,
        2.006192398565852,
        0.0,
        0.0
      ],
      [
        73678.92341121324,
        -13264.612681814273,
        -25.077993106435677,
        376917.9923346595,
        753799.0955552908,
        107615.1263406382,
        9.858432621512705,
        8729.091283946535,
        -8.648504259138008,
        26.231305063563916,
        -143119.78210624238,
        -38.37110178671595,
        -1340.5729716316696,
        5539.769846598232,
        -34.644898452896555,
        -75.19492254515164,
        -4.212653821022801,
        40.4594290696478,
        -41236.02002377177,
        3.9885412126518753,
        0.0,
        0.0
      ],
      [
        15897.327625843984,
        -110841.81396078467,
        59.70388453396075,
        53794.09319356578,
        107615.1263406382,
        870409.5388092193,
        -24.698103687990223,
        -458458.1780094935,
        -2.3518340819065355,
        -13.694708820986722,
        -52966.83112451929,
        -58.17175945886483,
        31493.961512507696,
        -49355.29366502291,
        28.32571402927372,
        -59.69992220957525,
        -8.75337200108021,
        -3.3678784799903,
        0.02870680486608953,
        -23.38800229049243,
        0.0,
        0.0
      ],
      [
        -6.416985705457618,
        2.7431326771384597,
        -0.11454805007947871,
        4.929999207912908,
        9.858432621512705,
        -24.698103687990223,
        0.09618453349250168,
        13.879528554926328,
        0.0004388443269120226,
        -0.005444961831326218,
        -1.0842605709050905,
        -0.003613130285983253,
        -5.587412876569223,
        11.017155708562811,
        -0.006904688840583827,
        0.0031739203358251474,
        0.0071485371109258206,
        0.0038110415308302017,
        2.1552072584593815e-06,
        0.002066619210970501,
        0.0,
        0.0
      ],
      [
        -39762.484147380834,
        -38411.80962582081,
        -37.83192231426431,
        4374.848429649573,
        8729.091283946535,
        -458458.1780094935,
        13.879528554926328,
        308989.33835267427,
        0.14189180165689924,
        -3.490251328692543,
        79444.06167207257,
        24.67555299967876,
        -7700.980218957411,
        17656.97609868453,
        -1.4467710057563883,
        -34.84558850439531,
        0.952458922895311,
        5.153082923281495,
        -0.0011456088887820187,
        24.263833132181468,
        0.0,
        0.0
      ],
      [
        0.7821953319132995,
        0.30659904065649013,
        -0.0015215468671679103,
        -4.3234104992202465,
        -8.648504259138008,
        -2.3518340819065355,
        0.0004388443269120226,
        0.14189180165689924,
        0.000976396643523403,
        0.0007269003948544468,
        -0.6934567163655228,
        -0.0014936995675316814,
        -1.1882454954393773,
        1.8064919437497078,
        -0.0006421046024495347,
        0.0007656898805301553,
        0.005495718477584969,
        -0.0022389056750251003,
        -2.1310372194318047e-06,
        -0.0041690129449418155,
        0.0,
        0.0
      ],
      [
        21.349213338659435,
        15.19264982241525,
        -0.04805213357409995,
        13.155220734732122,
        26.231305063563916,
        -13.694708820986722,
        -0.005444961831326218,
        -3.490251328692543,
        0.0007269003948544468,
        0.056125183407682036,
        -24.261576415038355,
        0.0026855847696843644,
        -1.4248060013102446,
        0.44498579160090274,
        -0.012546698818179602,
        -0.010467249058709794,
        0.011681540864994192,
        -0.002005708619207393,
        3.5964491318489553e-07,
        0.009800986917503848,
        0.0,
        0.0
      ],
      [
        -77907.36076605058,
        -24271.76053855356,
        -4.503015499572507,
        -71560.3015824712,
        -143119.78210624238,
        -52966.83112451929,
        -1.0842605709050905,
        79444.06167207257,
        -0.6934567163655228,
        -24.261576415038355,
        141693.21766129264,
        5.716320927557912,
        7658.716673339308,
        -5865.811706062348,
        11.156883357027393,
        -5.627658304320692,
        -3.5701582908293537,
        4.212678160675338,
        -0.03242328598000054,
        -7.988241408709501,
        0.0,
        0.0
      ],
      [
        -10.29354233680903,
        -29.54946449793778,
        0.004300066958095116,
        -19.183644969880838,
        -38.37110178671595,
        -58.17175945886483,
        -0.003613130285983253,
        24.67555299967876,
        -0.0014936995675316814,
        0.0026855847696843644,
        5.716320927557912,
        0.17518221188628305,
        0.5523005655326757,
        -9.747963539690643,
        -0.008004746052009327,
        0.022426721012779913,
        -0.029301173829548742,
        -0.004385096753879379,
        -9.096537983277524e-06,
        0.031752716675622225,
        0.0,
        0.0
      ],
      [
        -6314.727714842299,
        -18457.527095073707,
        3.795964861981146,
        -674.5681413541438,
        -1340.5729716316696,
        31493.961512507696,
        -5.587412876569223,
        -7700.980218957411,
        -1.1882454954393773,
        -1.4248060013102446,
        7658.716673339308,
        0.5523005655326757,
        28876.357772494408,
        -44294.25565100547,
        10.132710121634226,
        -6.23509344479019,
        -8.015642201218029,
        4.112769237329154,
        0.0006151297544027343,
        0.9222808709882445,
        0.0,
        0.0
      ],
      [
        4308.437288480988,
        15699.795208586866,
        -13.027050501194905,
        2777.1622518417066,
        5539.769846598232,
        -49355.29366502291,
        11.017155708562811,
        17656.97609868453,
        1.8064919437497078,
        0.44498579160090274,
        -5865.811706062348,
        -9.747963539690643,
        -44294.25565100547,
        91624.44284190731,
        -9.513562183803103,
        4.788279533104369,
        11.84447735364169,
        -7.5251338660038325,
        -0.00030946328356615645,
        -2.2281846390775737,
        0.0,
        0.0
      ],
      [
        -2.1255997482603584,
        -81.45754582212126,
        0.016448460586204697,
        -17.33962367876004,
        -34.644898452896555,
        28.32571402927372,
        -0.006904688840583827,
        -1.4467710057563883,
        -0.0006421046024495347,
        -0.012546698818179602,
        11.156883357027393,
        -0.008004746052009327,
        10.132710121634226,
        -9.513562183803103,
        0.10740861342121023,
        -0.03831729115091721,
        -0.029987548883900664,
        -0.017753297065715067,
        -5.937182989820465e-06,
        -0.012553769923187024,
        0.0,
        0.0
      ],
      [
        3.0246753263755757,
        130.1605858434196,
        0.01633710726795342,
        -37.61548261355708,
        -75.19492254515164,
        -59.69992220957525,
        0.0031739203358251474,
        -34.84558850439531,
        0.0007656898805301553,
        -0.010467249058709794,
        -5.627658304320692,
        0.022426721012779913,
        -6.23509344479019,
        4.788279533104369,
        -0.03831729115091721,
        0.18129118630531715,
        0.003443424650156114,
        0.0018392038343984193,
        -1.3534344662110333e-05,
        -0.05189659646194034,
        0.0,
        0.0
      ],
      [
        0.4883676077311506,
        53.18487962770146,
        -0.019066016865865225,
        -2.094499757896066,
        -4.212653821022801,
        -8.75337200108021,
        0.0071485371109258206,
        0.952458922895311,
        0.005495718477584969,
        0.011681540864994192,
        -3.5701582908293537,
        -0.029301173829548742,
        -8.015642201218029,
        11.84447735364169,
        -0.029987548883900664,
        0.003443424650156114,
        0.07803657019912118,
        0.011484801288327701,
        -2.5061658634710284e-06,
        -0.036965382769236034,
        0.0,
        0.0
      ],
      [
        -9.54584759021644,
        42.33032347935836,
        0.00429570264387209,
        20.229305966580043,
        40.4594290696478,
        -3.3678784799903,
        0.0038110415308302017,
        5.153082923281495,
        -0.0022389056750251003,
        -0.002005708619207393,
        4.212678160675338,
        -0.004385096753879379,
        4.112769237329154,
        -7.5251338660038325,
        -0.017753297065715067,
        0.0018392038343984193,
        0.011484801288327701,
        0.06567269189407697,
        9.776967175071732e-06,
        0.014650877002402484,
        0.0,
        0.0
      ],
      [
        0.017170666325218104,
        -0.0012200816217807042,
        3.0843543677161035e-06,
        -20618.010017311564,
        -41236.02002377177,
        0.02870680486608953,
        2.1552072584593815e-06,
        -0.0011456088887820187,
        -2.1310372194318047e-06,
        3.5964491318489553e-07,
        -0.03242328598000054,
        -9.096537983277524e-06,
        0.0006151297544027343,
