{
  "q_values": [
    5.060758039986649,
    20.869595328317295,
    6.420915683584251
  ],
  "weights": [
    [
      -10.0,
      10.0,
      0.894557559835655,
      -10.0,
      -10.0,
      -10.0,
      -0.16647117739163964,
      10.0,
      -0.3375579838354287,
      -0.42926259137369804,
      -10.0,
      -3.0031135614656974,
      -10.0,
      10.0,
      0.32748149245364877,
      1.0827920322344893,
      -0.8668445981214119,
      0.1654301506446374,
      10.0,
      5.741083205044582,
      10.0,
      0.0
    ],
    [
      10.0,
      -10.0,
      -0.42812124523172895,
      10.0,
      10.0,
      -10.0,
      -0.17426628042651612,
      10.0,
      -0.28656352066124086,
      -0.13487189684359452,
      -10.0,
      -0.26990030293636014,
      -10.0,
      -10.0,
      1.8438565959453777,
      1.1524256601055216,
      -0.43830182845720433,
      1.503311061575585,
      -8.408484539149903,
      9.766549806109818,
      10.0,
      0.0
    ],
    [
      10.0,
      10.0,
      -1.0912690236941671,
      -10.0,
      -10.0,
      10.0,
      1.0096498025703795,
      -10.0,
      -0.2764278348343243,
      2.5967846568164532e-05,
      -10.0,
      -2.221012542700933,
      -10.0,
      -10.0,
      1.5721766802403536,
      0.7459786089148537,
      -0.6513756536773947,
      0.34593276669315287,
      -1.1931955204881953e-05,
      6.433160651518058,
      0.0,
      0.0
    ]
  ],
  "cov_inv_matrices": [
    [
      [
        4131.002733344865,
        1036.873332316001,
        -2.877076651345093,
        -381.2463600896972,
        -756.8492230319491,
        -2639.9196126245447,
        0.2712430237771257,
        174.98240020079803,
        0.14653955662110774,
        1.2797154109947129,
        -2682.3537468468603,
        0.9196582647105425,
        -209.62328936363875,
        482.5618009555928,
        -0.8814446199734245,
        0.8039170970260545,
        -0.8021139672396922,
        0.2247418207033022,
        -11.025423081709913,
        2.4196180953498967,
        -413.5532947965526,
        0.0
      ],
      [
        1036.873332316001,
        13661.438217631008,
        1.4318614496067603,
        -60.84923507817421,
        -122.99915295891819,
        -5699.176142494678,
        -0.6832919359936764,
        -1122.9328707578698,
        -0.29604840574787966,
        0.00892417500678935,
        -1559.346085816323,
        -2.102839891589496,
        393.05010837819134,
        -548.6589871896508,
        -7.3046120397424215,
        10.30206210243832,
        1.6079993594207704,
        -3.4429806319138256,
        -6.121673614791618,
        -6.005672354886282,
        -43.243224119074156,
        0.0
      ],
      [
        -2.877076651345093,
        1.4318614496067603,
        0.08190510995602668,
        -4.266501343051489,
        -8.506773053702009,
        -2.2628923384881805,
        -0.030698400595572117,
        -3.04840316793413,
        0.0005768346345396507,
        -0.006207632670503527,
        -5.273058800217982,
        0.003961652485112613,
        0.3560150455557143,
        -2.9259720403224763,
        -0.002631499876030859,
        0.008403268146551037,
        -0.004202566262419561,
        -0.00017628614608615977,
        0.08244424179652113,
        -0.0010248077255561095,
        -0.5057957907823882,
        0.0
      ],
      [
        -381.2463600896972,
        -60.84923507817421,
        -4.266501343051489,
        1397.455154336755,
        2785.8403587687826,
        2349.4334502908596,
        0.5572775099663685,
        -900.8041324633311,
        -0.00492255470014037,
        1.1143465777785257,
        365.6354763260428,
        -2.356774704929908,
        26.73201083137931,
        186.6631425745697,
        0.19687057308958233,
        -1.4942588906338545,
        1.0194638015660513,
        0.19308636790423933,
        13.087344547285177,
        -2.5832367988348226,
        -9.815524194235522,
        0.0
      ],
      [
        -756.8492230319491,
        -122.99915295891819,
        -8.506773053702009,
        2785.8403587687826,
        5553.605723044703,
        4691.524150512523,
        1.1108204474530055,
        -1800.2093826209668,
        -0.009602113062908244,
        2.22220157338059,
        727.7323574711181,
        -4.700962990083424,
        53.20942517556442,
        373.09293795084693,
        0.39491845802144643,
        -2.9801969630828657,
        2.0325374124123594,
        0.3863098001576809,
        26.160099793939835,
        -5.159567157664519,
        -20.292635664788833,
        0.0
      ],
      [
        -2639.9196126245447,
        -5699.176142494678,
        -2.2628923384881805,
        2349.4334502908596,
        4691.524150512523,
        38545.08060452822,
        0.8933549412860261,
        -16787.836549252308,
        -0.2901860039640161,
        -0.0711654150678542,
        2588.485415053672,
        -14.986726728931082,
        430.5000449882209,
        421.19225088725284,
        7.661126850067383,
        -8.595684437918504,
        8.089596116511673,
        0.95733017664725,
        -27.022098938050668,
        -13.72241029353378,
        -14.792235260612763,
        0.0
      ],
      [
        0.2712430237771257,
        -0.6832919359936764,
        -0.030698400595572117,
        0.5572775099663685,
        1.1108204474530055,
        0.8933549412860261,
        0.017686631156214754,
        0.674433475099266,
        -0.0004385708673888217,
        0.0004952760883204935,
        0.6834774260929063,
        -0.0008382759184080992,
        -0.13972269601571558,
        0.8746070411347959,
        0.001233442046937316,
        -0.0017436981401758457,
        0.0006818954088541088,
        0.0002849087298655472,
        -0.04213053878977095,
        0.0017256024571122696,
        0.2943358402937881,
        0.0
      ],
      [
        174.98240020079803,
        -1122.9328707578698,
        -3.04840316793413,
        -900.8041324633311,
        -1800.2093826209668,
        -16787.836549252308,
        0.674433475099266,
        9812.890427784452,
        -0.048225331647800254,
        -0.26517473052084495,
        1114.209335386227,
        5.990533175043995,
        -193.6410099419217,
        -90.90558276876118,
        -2.27286064432935,
        -1.0597312862112274,
        -2.353014109024598,
        -0.31490428288913463,
        17.73794232929493,
        5.125141341736226,
        216.68199840672537,
        0.0
      ],
      [
        0.14653955662110774,
        -0.29604840574787966,
        0.0005768346345396507,
        -0.00492255470014037,
        -0.009602113062908244,
        -0.2901860039640161,
        -0.0004385708673888217,
        -0.048225331647800254,
        0.0007082765644096711,
        -0.00012769680103712113,
        -0.10365183482054202,
        -0.00035756915748571367,
        -0.03007599227225479,
        -0.17762314518575034,
        0.0006189196495050641,
        0.0004424243532424497,
        -0.0003811617728147358,
        0.0011350848189324403,
        0.026805389430267265,
        -0.001235311271566893,
        -0.05437018253037417,
        0.0
      ],
      [
        1.2797154109947129,
        0.00892417500678935,
        -0.006207632670503527,
        1.1143465777785257,
        2.22220157338059,
        -0.0711654150678542,
        0.0004952760883204935,
        -0.26517473052084495,
        -0.00012769680103712113,
        0.007359959824852678,
        -1.4408919271023646,
        0.0004056810475857057,
        -0.09860501859140086,
        0.16157058077213646,
        -0.0008226435561520585,
        -0.0023481592751592355,
        0.000957995769886996,
        -0.0006158902441414257,
        -0.0015645085418716492,
        0.0010909406649292383,
        -0.06895996690943142,
        0.0
      ],
      [
        -2682.3537468468603,
        -1559.346085816323,
        -5.273058800217982,
        365.6354763260428,
        727.7323574711181,
        2588.485415053672,
        0.6834774260929063,
        1114.209335386227,
        -0.10365183482054202,
        -1.4408919271023646,
        6674.270155792833,
        0.4055186028374168,
        122.17859584475065,
        45.047580867952135,
        1.7998769887115955,
        -2.0225921234584874,
        1.5013225883102685,
        0.014250714031406786,
        8.139479782389774,
        -3.9257330877999514,
        138.07501581550372,
        0.0
      ],
      [
        0.9196582647105425,
        -2.102839891589496,
        0.003961652485112613,
        -2.356774704929908,
        -4.700962990083424,
        -14.986726728931082,
        -0.0008382759184080992,
        5.990533175043995,
        -0.00035756915748571367,
        0.0004056810475857057,
        0.4055186028374168,
        0.056200199014287175,
        -0.5451256132142273,
        -3.437524251026371,
        -0.004004105954789618,
        0.006459230911856762,
        -0.012491545067133111,
        -0.0011474773523118345,
        -0.07579677728631565,
        0.028521531977797603,
        0.5016542550548483,
        0.0
      ],
      [
        -209.62328936363875,
        393.05010837819134,
        0.3560150455557143,
        26.73201083137931,
        53.20942517556442,
        430.5000449882209,
        -0.13972269601571558,
        -193.6410099419217,
        -0.03007599227225479,
        -0.09860501859140086,
        122.17859584475065,
        -0.5451256132142273,
        344.0307962452642,
        -590.6560774660102,
        -0.3060330579778878,
        -0.23997838913538155,
        -0.18034465444549366,
        -0.06683312959560593,
        -4.440470940342669,
        0.3767721524906427,
        -73.15154753635488,
        0.0
      ],
      [
        482.5618009555928,
        -548.6589871896508,
        -2.9259720403224763,
        186.6631425745697,
        373.09293795084693,
        421.19225088725284,
        0.8746070411347959,
        -90.90558276876118,
        -0.17762314518575034,
        0.16157058077213646,
        45.047580867952135,
        -3.437524251026371,
        -590.6560774660102,
        3026.5246283488295,
        1.0311336840035972,
        -0.06693720900622505,
        -0.38339448592457137,
        0.3735228040196711,
        -1.990938632801531,
        -2.52021409493834,
        -81.06038455721587,
        0.0
      ],
      [
        -0.8814446199734245,
        -7.3046120397424215,
        -0.002631499876030859,
        0.19687057308958233,
        0.39491845802144643,
        7.661126850067383,
        0.001233442046937316,
        -2.27286064432935,
        0.0006189196495050641,
        -0.0008226435561520585,
        1.7998769887115955,
        -0.004004105954789618,
        -0.3060330579778878,
        1.0311336840035972,
        0.020672267296171994,
        -0.007705837460690867,
        0.0005248369542978429,
        0.003854033380303649,
        -0.041838380534715156,
        0.0015760775116784483,
        -0.12391150168724818,
        0.0
      ],
      [
        0.8039170970260545,
        10.30206210243832,
        0.008403268146551037,
        -1.4942588906338545,
        -2.9801969630828657,
        -8.595684437918504,
        -0.0017436981401758457,
        -1.0597312862112274,
        0.0004424243532424497,
        -0.0023481592751592355,
        -2.0225921234584874,
        0.006459230911856762,
        -0.23997838913538155,
        -0.06693720900622505,
        -0.007705837460690867,
        0.03221189282988774,
        -0.004555273194704477,
        -0.0008876031552185408,
        0.009278025014633057,
        -0.004381771553807352,
        0.04816852701433011,
        0.0
      ],
      [
        -0.8021139672396922,
        1.6079993594207704,
        -0.004202566262419561,
        1.0194638015660513,
        2.0325374124123594,
        8.089596116511673,
        0.0006818954088541088,
        -2.353014109024598,
        -0.0003811617728147358,
        0.000957995769886996,
        1.5013225883102685,
        -0.012491545067133111,
        -0.18034465444549366,
        -0.38339448592457137,
        0.0005248369542978429,
        -0.004555273194704477,
        0.014674939712706303,
        -0.002913040989521077,
        0.04510765942169151,
        -0.017042226811486032,
        0.2138692799045456,
        0.0
      ],
      [
        0.2247418207033022,
        -3.4429806319138256,
        -0.00017628614608615977,
        0.19308636790423933,
        0.3863098001576809,
        0.95733017664725,
        0.0002849087298655472,
        -0.31490428288913463,
        0.0011350848189324403,
        -0.0006158902441414257,
        0.014250714031406786,
        -0.0011474773523118345,
        -0.06683312959560593,
        0.3735228040196711,
        0.003854033380303649,
        -0.0008876031552185408,
        -0.002913040989521077,
        0.009988313208150435,
        0.024410998460326606,
        0.0033865128098818226,
        -0.3322884072937675,
        0.0
      ],
      [
        -11.025423081709913,
        -6.121673614791618,
        0.08244424179652113,
        13.087344547285177,
        26.160099793939835,
        -27.022098938050668,
        -0.04213053878977095,
        17.73794232929493,
        0.026805389430267265,
        -0.0015645085418716492,
        8.139479782389774,
        -0.07579677728631565,
        -4.440470940342669,
        -1.990938632801531,
        -0.041838380534715156,
        0.009278025014633057,
        0.04510765942169151,
        0.024410998460326606,
        114.48177560760658,
        -12.381070888156883,
        -16.47645576520097,
        0.0
      ],
      [
        2.4196180953498967,
        -6.005672354886282,
        -0.0010248077255561095,
        -2.5832367988348226,
        -5.159567157664519,
        -13.72241029353378,
        0.0017256024571122696,
        5.125141341736226,
        -0.001235311271566893,
        0.0010909406649292383,
        -3.9257330877999514,
        0.028521531977797603,
        0.3767721524906427,
        -2.52021409493834,
        0.0015760775116784483,
        -0.004381771553807352,
        -0.017042226811486032,
        0.0033865128098818226,
        -12.381070888156883,
        1.3710616034971035,
        1.7040760703251643,
        0.0
      ],
      [
        -413.5532947965526,
        -43.243224119074156,
        -0.5057957907823882,
        -9.815524194235522,
        -20.292635664788833,
        -14.792235260612763,
        0.2943358402937881,
        216.68199840672537,
        -0.05437018253037417,
        -0.06895996690943142,
        138.07501581550372,
        0.5016542550548483,
        -73.15154753635488,
        -81.06038455721587,
        -0.12391150168724818,
        0.04816852701433011,
        0.2138692799045456,
        -0.3322884072937675,
        -16.47645576520097,
        1.7040760703251643,
        250.4924146402822,
        0.0
      ],
      [
        0.0,
        0.0,
        0.0,
        0.0,
        0.0,
        0.0,
        0.0,
        0.0,
        0.0,
        0.0,
        0.0,
        0.0,
        0.0,
        0.0,
        0.0,
        0.0,
        0.0,
        0.0,
        0.0,
        0.0,
        0.0,
        1000000.0
      ]
    ],
    [
      [
        5831.1534850385815,
        1342.1159414490994,
        -3.487994991764399,
        232.53403932142064,
        470.2119311091718,
        -1554.2089290957877,
        0.10624031735150939,
        -1012.0977564256052,
        0.197316629029239,
        1.9383990244469218,
        -4491.967149071874,
        1.4938390970205142,
        -283.7181137134347,
        -30.735947318448034,
        -0.5622561139446905,
        1.3601079465557198,
        -1.1681888286939945,
        0.24880100105754344,
        -3.2096100231866513,
        2.2711912074187675,
        -148.3003683775049,
        0.0
      ],
      [
        1342.1159414490994,
        14987.273150718704,
        0.3408405220827775,
        341.59486885303295,
        682.1928257661816,
        -4560.592315712566,
        0.644938228540496,
        -2177.0229374849714,
        -0.6412803515032188,
        -0.2541340388207399,
        -3001.47191951089,
        -1.7263396080427984,
        154.72025636152523,
        56.067658058142,
        -8.11647292557817,
        11.088030772926338,
        2.1502262770650153,
        -4.184450053799206,
        -8.757696374701666,
        -7.415243862312243,
        460.21873061857286,
        0.0
      ],
      [
        -3.487994991764399,
        0.3408405220827775,
        0.06848469865494089,
        -7.265125608918393,
        -14.505443868011522,
        2.620604636370693,
        -0.02163066978359749,
        -4.593897747189194,
        0.0006548883117482977,
        -0.004931535731661855,
        -5.9300414197962805,
        -0.0002984359604232467,
        -0.14405818286472605,
        -0.8805541652901794,
        -0.0019595954906559904,
        -0.0003477026705670063,
        -0.002421088294378401,
        0.002590951022670507,
        0.00801728427926381,
        0.007100265678198121,
        -0.3603085978281163,
        0.0
      ],
      [
        232.53403932142064,
        341.59486885303295,
        -7.265125608918393,
        5340.366206509665,
        10666.57932213039,
        91.87344660128048,
        0.7067312387615771,
        -316.4326893607592,
        0.03836152865965568,
        1.8144119257212674,
        -570.7341228704279,
        -0.8682098690556046,
        -24.2468078861588,
        118.9301528808297,
        -0.9119216085773415,
        0.7012779447656887,
        0.15130685442383057,
        -0.33189496425066406,
        8.29138382152231,
        0.22492770766063352,
        692.5856503146687,
        0.0
      ],
      [
        470.2119311091718,
        682.1928257661816,
        -14.505443868011522,
        10666.57932213039,
        21304.908587206966,
        182.2413586108533,
        1.4107000364575777,
        -634.0665273028507,
        0.07707115651208829,
        3.6246007876588795,
        -1146.0177702345286,
        -1.7310879860175197,
        -48.80897569171369,
        237.1918920943637,
        -1.8200866792760066,
        1.402464404447604,
        0.2990140058365506,
        -0.6616033941480661,
        16.583068060476442,
        0.4547204760270065,
        1384.9938599232169,
        0.0
      ],
      [
        -1554.2089290957877,
        -4560.592315712566,
        2.620604636370693,
        91.87344660128048,
        182.2413586108533,
        29428.554164043508,
        -0.9854799709179082,
        -13808.343949564329,
        -0.4548870908132991,
        0.576010234279114,
        38.072400426145336,
        -10.920684026376811,
        565.0498167536032,
        42.476490794058485,
        4.8774878226923235,
        -7.451473804139399,
        5.512608860596602,
        0.3007346171448527,
        7.4634707847473996,
        -10.647486845003161,
        331.7069005776129,
        0.0
      ],
      [
        0.10624031735150939,
        0.644938228540496,
        -0.02163066978359749,
        0.7067312387615771,
        1.4107000364575777,
        -0.9854799709179082,
        0.012406859163010042,
        0.7405167688866079,
        -0.0004876726863508884,
        -0.00018717431964307386,
        0.5396689152635774,
        0.0007671702993615334,
        0.11813189864632967,
        0.01560091842963307,
        -0.0003801311959899359,
        0.0024009044257103525,
        -0.00025518010927876576,
        -0.001271335088456716,
        -0.004938843414936901,
        -0.0022138759087275547,
        0.00011279861780858703,
        0.0
      ],
      [
        -1012.0977564256052,
        -2177.0229374849714,
        -4.593897747189194,
        -316.4326893607592,
        -634.0665273028507,
        -13808.343949564329,
        0.7405167688866079,
        10519.990785756054,
        -0.05749143660958145,
        -0.6972211724062036,
        4360.062234117988,
        3.626787895382227,
        19.981913352915317,
        -201.27980404678465,
        -1.3360155903096553,
        -3.4782409995725576,
        0.11324526782432992,
        -0.3589835207792791,
        0.4844211348702485,
        2.5355400326864053,
        -222.0159005387893,
        0.0
      ],
      [
        0.197316629029239,
        -0.6412803515032188,
        0.0006548883117482977,
        0.03836152865965568,
        0.07707115651208829,
        -0.4548870908132991,
        -0.0004876726863508884,
        -0.05749143660958145,
        0.0009078850074803724,
        3.044636690372607e-05,
        -0.2122340470758119,
        0.0007495323301290717,
        -0.07212163161828528,
        -0.41988614301871463,
        0.0010576297438344754,
        0.000703818858793104,
        -0.0007925790139633854,
        0.001561551513198943,
        0.0020498534008013243,
        0.0023517767433334806,
        -0.06810326406221413,
        0.0
      ],
      [
        1.9383990244469218,
        -0.2541340388207399,
        -0.004931535731661855,
        1.8144119257212674,
        3.6246007876588795,
        0.576010234279114,
        -0.00018717431964307386,
        -0.6972211724062036,
        3.044636690372607e-05,
        0.005842570802722483,
        -1.6111259878631699,
        0.00014976178845985415,
        -0.11662247583751692,
        -0.043010744746141936,
        0.000496823776205423,
        -0.0010177897266037952,
        0.00023347571475484287,
        -8.975908077259756e-05,
        -0.0024356928008433167,
        0.0009091444968331593,
        0.10059692625054073,
        0.0
      ],
      [
        -4491.967149071874,
        -3001.47191951089,
        -5.9300414197962805,
        -570.7341228704279,
        -1146.0177702345286,
        38.072400426145336,
        0.5396689152635774,
        4360.062234117988,
        -0.2122340470758119,
        -1.6111259878631699,
        9839.538543223814,
        0.8097250468174271,
        286.91841507267077,
        -75.10345358082952,
        1.5414050187908992,
        -4.242354947823237,
        2.600899787297026,
        -0.25750140838112023,
        1.0385817406977673,
        -3.8215822441545564,
        -134.9536867148983,
        0.0
      ],
      [
        1.4938390970205142,
        -1.7263396080427984,
        -0.0002984359604232467,
        -0.8682098690556046,
        -1.7310879860175197,
        -10.920684026376811,
        0.0007671702993615334,
        3.626787895382227,
        0.0007495323301290717,
        0.00014976178845985415,
        0.8097250468174271,
        0.04308688412773572,
        -0.2662972694382071,
        -3.495695112848732,
        -0.0005163175513768677,
        0.006238456756361168,
        -0.011625385814003634,
        0.0036264172826063865,
        -0.00816491077976102,
        0.017465095835548016,
        -0.8534892390984264,
        0.0
      ],
      [
        -283.7181137134347,
        154.72025636152523,
        -0.14405818286472605,
        -24.2468078861588,
        -48.80897569171369,
        565.0498167536032,
        0.11813189864632967,
        19.981913352915317,
        -0.07212163161828528,
        -0.11662247583751692,
        286.91841507267077,
        -0.2662972694382071,
        383.1803645355299,
        -775.17041686845,
        -0.43235642271741426,
        -0.6435362778608698,
        -0.0008708095597606327,
        -0.37823167010632475,
        -0.2715548572806106,
        -0.13835847900769652,
        105.62123173615971,
        0.0
      ],
      [
        -30.735947318448034,
        56.067658058142,
        -0.8805541652901794,
        118.9301528808297,
        237.1918920943637,
        42.476490794058485,
        0.01560091842963307,
        -201.27980404678465,
        -0.41988614301871463,
        -0.043010744746141936,
        -75.10345358082952,
        -3.495695112848732,
        -775.17041686845,
        3665.508841215859,
        0.5520040216264783,
        0.8449796814845336,
        -0.049397927632300664,
        -0.20676336126466088,
        -3.5370665528074676,
        -3.134980815153249,
        -214.76233933432707,
        0.0
      ],
      [
        -0.5622561139446905,
        -8.11647292557817,
        -0.0019595954906559904,
        -0.9119216085773415,
        -1.8200866792760066,
        4.8774878226923235,
        -0.0003801311959899359,
        -1.3360155903096553,
        0.0010576297438344754,
        0.000496823776205423,
        1.5414050187908992,
        -0.0005163175513768677,
        -0.43235642271741426,
        0.5520040216264783,
        0.019997201046999053,
        -0.005447910319920592,
        -0.001835246232225401,
        0.004376578416172991,
        -0.0016431850653571324,
        0.0003966803814070241,
        -0.2697094074067341,
        0.0
      ],
      [
        1.3601079465557198,
        11.088030772926338,
        -0.0003477026705670063,
        0.7012779447656887,
        1.402464404447604,
        -7.451473804139399,
        0.0024009044257103525,
        -3.4782409995725576,
        0.000703818858793104,
        -0.0010177897266037952,
        -4.242354947823237,
        0.006238456756361168,
        -0.6435362778608698,
        0.8449796814845336,
        -0.005447910319920592,
        0.033857461896793214,
        -0.006034048575945704,
        0.00035457754633023297,
        -0.008975874337448217,
        -0.0011940955418479155,
        0.04311339847456652,
        0.0
      ],
      [
        -1.1681888286939945,
        2.1502262770650153,
        -0.002421088294378401,
        0.15130685442383057,
        0.2990140058365506,
        5.512608860596602,
        -0.00025518010927876576,
        0.11324526782432992,
        -0.0007925790139633854,
        0.00023347571475484287,
        2.600899787297026,
        -0.011625385814003634,
        -0.0008708095597606327,
        -0.049397927632300664,
        -0.001835246232225401,
        -0.006034048575945704,
        0.015028776951617738,
        -0.0034500783518415018,
        0.008442181425185767,
        -0.014436759745155636,
        0.22762515822886142,
        0.0
      ],
      [
        0.24880100105754344,
        -4.184450053799206,
        0.002590951022670507,
        -0.33189496425066406,
        -0.6616033941480661,
        0.3007346171448527,
        -0.001271335088456716,
        -0.3589835207792791,
        0.001561551513198943,
        -8.975908077259756e-05,
        -0.25750140838112023,
        0.0036264172826063865,
        -0.37823167010632475,
        -0.20676336126466088,
        0.004376578416172991,
        0.00035457754633023297,
        -0.0034500783518415018,
        0.011232445877106442,
        0.02384717260399314,
        0.007009170974727179,
        -0.5737412135722746,
        0.0
      ],
      [
        -3.2096100231866513,
        -8.757696374701666,
        0.00801728427926381,
        8.29138382152231,
        16.583068060476442,
        7.4634707847473996,
        -0.004938843414936901,
        0.4844211348702485,
        0.0020498534008013243,
        -0.0024356928008433167,
        1.0385817406977673,
        -0.00816491077976102,
        -0.2715548572806106,
        -3.5370665528074676,
        -0.0016431850653571324,
        -0.008975874337448217,
        0.008442181425185767,
        0.02384717260399314,
        2.794296276230757,
        -0.020638549319492674,
        41.51213157373217,
        0.0
      ],
      [
        2.2711912074187675,
        -7.415243862312243,
        0.007100265678198121,
        0.22492770766063352,
        0.4547204760270065,
        -10.647486845003161,
        -0.0022138759087275547,
        2.5355400326864053,
        0.0023517767433334806,
        0.0009091444968331593,
        -3.8215822441545564,
        0.017465095835548016,
        -0.13835847900769652,
        -3.134980815153249,
        0.0003966803814070241,
        -0.0011940955418479155,
        -0.014436759745155636,
        0.007009170974727179,
        -0.020638549319492674,
        0.03125901046697362,
        -0.4887007810984414,
        0.0
      ],
      [
        -148.3003683775049,
        460.21873061857286,
        -0.3603085978281163,
        692.5856503146687,
        1384.9938599232169,
        331.7069005776129,
        0.00011279861780858703,
        -222.0159005387893,
        -0.06810326406221413,
        0.10059692625054073,
        -134.9536867148983,
        -0.8534892390984264,
        105.62123173615971,
        -214.76233933432707,
        -0.2697094074067341,
        0.04311339847456652,
        0.22762515822886142,
        -0.5737412135722746,
        41.51213157373217,
        -0.4887007810984414,
        3223.5765920503177,
        0.0
      ],
      [
        0.0,
        0.0,
        0.0,
        0.0,
        0.0,
        0.0,
        0.0,
        0.0,
        0.0,
        0.0,
        0.0,
        0.0,
        0.0,
        0.0,
        0.0,
        0.0,
        0.0,
        0.0,
        0.0,
        0.0,
        0.0,
        1000000.0
      ]
    ],
    [
      [
        4724.3870725839415,
        1302.6955889861415,
        -2.772908483917335,
        -704.5680564171598,
        -1402.9337612747522,
        -1946.0787610885163,
        -0.14416845217907448,
        245.30964269016278,
        0.031603090742199885,
        2.0228497056523507,
        -3435.4264052281533,
        0.09965689052359777,
        -233.2638222726427,
        -47.12033461024519,
        -0.6606754993522695,
        -0.36067260679521806,
        0.06238699250531304,
        -0.2840096426709037,
        -5.609476702340863e-07,
        0.16972953287880177,
        0.0,
        0.0
      ],
      [
        1302.6955889861415,
        16959.392650312133,
        3.384922836201187,
        723.9814364844536,
        1443.7090637790202,
        -5566.939564906374,
        -1.28748149082671,
        -3194.4169414514568,
        -0.1971711784863148,
        0.32986559838627594,
        -4714.217437415584,
        0.1656539452830182,
        -321.1988157768448,
        244.21840043123348,
        -8.171733865568326,
        11.793077893766476,
        0.5870000970303271,
        -2.7907663023898373,
        -2.622255147663864e-06,
        -3.957619454865949,
        0.0,
        0.0
      ],
      [
        -2.772908483917335,
        3.384922836201187,
        0.07534022322829735,
        -4.059376438807015,
        -8.089087016703438,
        -2.4353331735491244,
        -0.02616377553230356,
        -3.127601091897782,
        3.532045485989006e-05,
        -0.0073286598289401764,
        -5.919883636657984,
        0.005941771784088175,
        -0.2088073987702427,
        -1.935465769926401,
        -0.0023511993388247894,
        0.00415729353272902,
        -0.00434848520314272,
        0.0004016037262959603,
        9.497889767584451e-11,
        0.00787033935735184,
        0.0,
        0.0
      ],
      [
        -704.5680564171598,
        723.9814364844536,
        -4.059376438807015,
        1778.5647742096937,
        3545.208711361654,
        409.88237653042484,
        0.12924771057424012,
        -621.9465858367698,
        0.11239380672480262,
        1.7493979590594495,
        -181.47453304253017,
        -0.8317326737486388,
        23.11670538830144,
        -20.553469599379312,
        -0.571012819361618,
        0.8027571978103982,
        0.12580946697320505,
        0.5373331215495125,
        3.035359544273742e-05,
        0.44583478001808186,
        0.0,
        0.0
      ],
      [
        -1402.9337612747522,
        1443.7090637790202,
        -8.089087016703438,
        3545.208711361654,
        7066.657535443186,
        818.2931591242528,
        0.25738271896029963,
        -1242.1515219955015,
        0.2242281413690579,
        3.4881851438080917,
        -365.33539841613873,
        -1.657264631836649,
        45.99212377158365,
        -41.66646539150085,
        -1.137902030166949,
        1.6017194864768114,
        0.24960121506917193,
        1.0715715412135434,
        6.0696161429722945e-05,
        0.8910361518622176,
        0.0,
        0.0
      ],
      [
        -1946.0787610885163,
        -5566.939564906374,
        -2.4353331735491244,
        409.88237653042484,
        818.2931591242528,
        26495.58537125891,
        0.9527288968485687,
        -11000.10766638257,
        -0.36984644061364347,
        0.5316364851983729,
        1958.010927588509,
        -13.693479705869205,
        1079.3235491906178,
        -794.9077329969581,
        7.172813062058706,
        -7.80274561625688,
        5.875604425070953,
        -0.8433876847709412,
        -3.464524931105913e-06,
        -11.365531468212753,
        0.0,
        0.0
      ],
      [
        -0.14416845217907448,
        -1.28748149082671,
        -0.02616377553230356,
        0.12924771057424012,
        0.25738271896029963,
        0.9527288968485687,
        0.01713561976094832,
        0.017116967210770176,
        -0.00021974409351471855,
        -0.000466794690122097,
        0.49236791516639367,
        -0.0001304732742315867,
        0.05880935218735244,
        0.576222382180791,
        -0.0001502762204593123,
        0.0012764472181945288,
        -0.00042173188549971625,
        -0.0011552124196961703,
        -1.231932215592877e-08,
        -0.0014606922537709762,
        0.0,
        0.0
      ],
      [
        245.30964269016278,
        -3194.4169414514568,
        -3.127601091897782,
        -621.9465858367698,
        -1242.1515219955015,
        -11000.10766638257,
        0.017116967210770176,
        9287.30692628676,
        -0.16178298534522906,
        -0.6136839830058636,
        3778.474655645701,
        3.484516774145435,
        46.89992096489918,
        -250.03583516585059,
        -2.1807859283408293,
        -5.178671134865327,
        1.0313960974436136,
        -0.25373980337351454,
        9.707908693669308e-07,
        1.8366668649964035,
        0.0,
        0.0
      ],
      [
        0.031603090742199885,
        -0.1971711784863148,
        3.532045485989006e-05,
        0.11239380672480262,
        0.2242281413690579,
        -0.36984644061364347,
        -0.00021974409351471855,
        -0.16178298534522906,
        0.000700814440515295,
        2.802533879839823e-06,
        -0.16770905422624688,
        0.00029059261731031083,
        -0.10291532599521658,
        -0.07447195976268271,
        0.0006891416277469548,
        0.0009568813059727944,
        -0.0005225367439033109,
        0.0013001686328360977,
        5.849283884567618e-09,
        0.0016851889817143088,
        0.0,
        0.0
      ],
      [
        2.0228497056523507,
        0.32986559838627594,
        -0.0073286598289401764,
        1.7493979590594495,
        3.4881851438080917,
        0.5316364851983729,
        -0.000466794690122097,
        -0.6136839830058636,
        2.802533879839823e-06,
        0.00986415032958036,
        -2.030860840411622,
        0.00011987258573939346,
        -0.017666119563671052,
        -0.8170208527889066,
        -0.0002190000458300959,
        -0.002122980365989348,
        0.0007853215231428314,
        0.0004110745295870076,
        -1.7716528063867596e-10,
        0.0006621858955994952,
        0.0,
        0.0
      ],
      [
        -3435.4264052281533,
        -4714.217437415584,
        -5.919883636657984,
        -181.47453304253017,
        -365.33539841613873,
        1958.010927588509,
        0.49236791516639367,
        3778.474655645701,
        -0.16770905422624688,
        -2.030860840411622,
        9692.86186580465,
        0.0508144546867646,
        528.3058321780557,
        -300.4891860586973,
        1.900445626410368,
        -5.608314275887617,
        3.04871590601153,
        -0.43923638336011134,
        6.212493888536299e-07,
        -3.650062776389308,
        0.0,
        0.0
      ],
      [
        0.09965689052359777,
        0.1656539452830182,
        0.005941771784088175,
        -0.8317326737486388,
        -1.657264631836649,
        -13.693479705869205,
        -0.0001304732742315867,
        3.484516774145435,
        0.00029059261731031083,
        0.00011987258573939346,
        0.0508144546867646,
        0.04935401710521489,
        -0.8483050804259498,
        -1.5568591818106423,
        -0.0038431245610288265,
        0.008720434583905437,
        -0.013765219225688949,
        0.0016309742743122646,
        -7.808158043745535e-09,
        0.020046914394123674,
        0.0,
        0.0
      ],
      [
        -233.2638222726427,
        -321.1988157768448,
        -0.2088073987702427,
        23.11670538830144,
        45.99212377158365,
        1079.3235491906178,
        0.05880935218735244,
        46.89992096489918,
        -0.10291532599521658,
        -0.017666119563671052,
        528.3058321780557,
        -0.8483050804259498,
        389.0791806474736,
        -761.7163002508789,
        -0.3071143594212077,
        -1.2616818812398352,
        0.47781087066107675,
        -0.33352130021404514,
        -8.304393761277002e-07,
        -0.6119671523082786,
        0.0,
        0.0
      ],
      [
        -47.12033461024519,
        244.21840043123348,
        -1.935465769926401,
        -20.553469599379312,
        -41.66646539150085,
        -794.9077329969581,
        0.576222382180791,
        -250.03583516585059,
        -0.07447195976268271,
        -0.8170208527889066,
        -300.4891860586973,
        -1.5568591818106423,
        -761.7163002508789,
        3551.9525815830743,
        1.2651279054097166,
        2.445053524484585,
        -1.7256463678938943,
        0.4388617069526371,
        -1.4467023878043946e-07,
        -1.6629570969030667,
        0.0,
        0.0
      ],
      [
        -0.6606754993522695,
        -8.171733865568326,
        -0.0023511993388247894,
        -0.571012819361618,
        -1.137902030166949,
        7.172813062058706,
        -0.0001502762204593123,
        -2.1807859283408293,
        0.0006891416277469548,
        -0.0002190000458300959,
        1.900445626410368,
        -0.0038431245610288265,
        -0.3071143594212077,
        1.2651279054097166,
        0.02228655264080767,
        -0.007448702166258022,
        -0.0007488104946194514,
        0.004128934201248992,
        4.854751336193764e-09,
        -0.002747934371450124,
        0.0,
        0.0
      ],
      [
        -0.36067260679521806,
        11.793077893766476,
        0.00415729353272902,
        0.8027571978103982,
        1.6017194864768114,
        -7.80274561625688,
        0.0012764472181945288,
        -5.178671134865327,
        0.0009568813059727944,
        -0.002122980365989348,
        -5.608314275887617,
        0.008720434583905437,
        -1.2616818812398352,
        2.445053524484585,
        -0.007448702166258022,
        0.039827005809863994,
        -0.009193209048619224,
        0.002059560670148202,
        5.6078152749097256e-09,
        0.0015193680683995919,
        0.0,
        0.0
      ],
      [
        0.06238699250531304,
        0.5870000970303271,
        -0.00434848520314272,
        0.12580946697320505,
        0.24960121506917193,
        5.875604425070953,
        -0.00042173188549971625,
        1.0313960974436136,
        -0.0005225367439033109,
        0.0007853215231428314,
        3.04871590601153,
        -0.013765219225688949,
        0.47781087066107675,
        -1.7256463678938943,
        -0.0007488104946194514,
        -0.009193209048619224,
        0.016545595060051054,
        -0.0033583324121375354,
        2.0049025875517883e-09,
        -0.012468793541604788,
        0.0,
        0.0
      ],
      [
        -0.2840096426709037,
        -2.7907663023898373,
        0.0004016037262959603,
        0.5373331215495125,
        1.0715715412135434,
        -0.8433876847709412,
        -0.0011552124196961703,
        -0.25373980337351454,
        0.0013001686328360977,
        0.0004110745295870076,
        -0.43923638336011134,
        0.0016309742743122646,
        -0.33352130021404514,
        0.4388617069526371,
