{
  "q_values": [
    -1.4533476844029911,
    0.403538983168083,
    3.0147507381702408
  ],
  "weights": [
    [
      10.0,
      -10.0,
      -4.63831018594812,
      -10.0,
      -10.0,
      -10.0,
      0.9164576670497637,
      10.0,
      -0.2317481965492878,
      0.15208104491174623,
      -10.0,
      10.0,
      -10.0,
      10.0,
      2.014260558603439,
      0.7088973693030072,
      -5.359283886117814,
      4.343861050523675,
      10.0,
      7.413800736040045,
      -10.0,
      0.0
    ],
    [
      10.0,
      -10.0,
      1.9478053136906466,
      -10.0,
      -10.0,
      10.0,
      -0.989697738147427,
      10.0,
      0.16394010743419898,
      -0.056132000337988014,
      -10.0,
      10.0,
      -10.0,
      10.0,
      0.46365867581539666,
      1.0454397599474161,
      -4.782529113357051,
      4.208470082136723,
      -10.0,
      10.0,
      10.0,
      0.0
    ],
    [
      -10.0,
      10.0,
      -0.002851359506166773,
      10.0,
      10.0,
      -10.0,
      0.9987172598780205,
      10.0,
      -0.2583625030095291,
      -0.07723521279257284,
      -10.0,
      8.750339359612838,
      10.0,
      -10.0,
      -0.35179861777882593,
      -1.9935079153416382,
      -5.867714417837647,
      5.186695651710352,
      10.0,
      9.884544628714139,
      0.0,
      0.0
    ]
  ],
  "cov_inv_matrices": [
    [
      [
        14150.839056459055,
        880.1652223204236,
        -19.37134988341192,
        -149.6812883993197,
        -291.8271389495381,
        1786.6880423489433,
        -0.9979020650355704,
        -3981.1431749363783,
        0.18856034286011247,
        8.37539352402377,
        -4826.019109499315,
        -0.06525691187737626,
        -505.48848803091954,
        89.86295011264258,
        -0.33373657847914623,
        0.06593650939639138,
        -0.8581065656298381,
        -1.4303910486665283,
        -372.2125225446331,
        46.72695607678931,
        567.8837048637416,
        0.0
      ],
      [
        880.1652223204236,
        20743.334518638418,
        2.2706662163686735,
        -289.0168591108195,
        -579.1406871089683,
        -6779.758244652217,
        -2.8175209187354557,
        -1828.1673291651327,
        -0.039588071655917656,
        5.518443403025373,
        -1845.048584577642,
        -8.502921423486935,
        797.3849536826797,
        -2744.235039822332,
        -6.894305778783336,
        12.6493530089687,
        1.6779132186732282,
        -1.1690138580799372,
        -247.82306390144993,
        20.241124379025678,
        349.0102813924691,
        0.0
      ],
      [
        -19.37134988341192,
        2.2706662163686735,
        0.1429551441057721,
        -17.07018406293116,
        -34.10479637270968,
        -2.7064888678632824,
        -0.028035408702482556,
        0.2344525625476021,
        -0.0005774330754400484,
        -0.02106521331211835,
        -8.902785155484729,
        0.0008342570079487562,
        1.7348398573861439,
        -6.839951372043996,
        -0.001854147311200556,
        0.01074622555233843,
        -0.007490133426522995,
        -0.0040396767500770325,
        0.3147136377227249,
        -0.045068439426278334,
        -1.5243398329652424,
        0.0
      ],
      [
        -149.6812883993197,
        -289.0168591108195,
        -17.07018406293116,
        13657.45212850514,
        27286.21174261231,
        1468.0183437025962,
        -0.6477660601119396,
        -15.476938874439206,
        0.18580901521255536,
        5.09647437442168,
        2102.288791855677,
        2.2509611464248285,
        -839.4801540095743,
        534.768720433287,
        1.5049938070025408,
        -2.280416661946669,
        0.3573116510846179,
        1.50910753423598,
        10.649695712264801,
        -1.5979895329719742,
        437.89350007361804,
        0.0
      ],
      [
        -291.8271389495381,
        -579.1406871089683,
        -34.10479637270968,
        27286.21174261231,
        54515.1230724203,
        2938.957000068888,
        -1.2942934382786109,
        -34.8728777782549,
        0.3712888738794176,
        10.181946393332098,
        4197.906308763546,
        4.496074661951155,
        -1677.7779553359705,
        1068.000980317588,
        3.007092603502632,
        -4.557540496915299,
        0.7137933484212031,
        3.0153063137358185,
        21.092636082390293,
        -3.1713075855782535,
        875.373978326751,
        0.0
      ],
      [
        1786.6880423489433,
        -6779.758244652217,
        -2.7064888678632824,
        1468.0183437025962,
        2938.957000068888,
        38705.91775210727,
        0.7997547314946274,
        -21445.51906038652,
        -0.4247962575015824,
        -0.6288056029478375,
        -2099.417679456694,
        -2.5108092743133748,
        1026.9752335201465,
        -140.64813718104853,
        9.743638648870053,
        -5.15335538039901,
        -1.0796847667623277,
        7.657280097945449,
        -316.14970121869766,
        18.888803805268836,
        -845.2924879794732,
        0.0
      ],
      [
        -0.9979020650355704,
        -2.8175209187354557,
        -0.028035408702482556,
        -0.6477660601119396,
        -1.2942934382786109,
        0.7997547314946274,
        0.01942511855638687,
        0.3690795835834958,
        -0.00017996738653211554,
        -0.0009505714020080652,
        0.709635877828211,
        -0.0001819632072487853,
        0.8526858271174992,
        -0.4184283137053257,
        6.019592547898398e-05,
        -0.0017178752124259737,
        -0.0001395512813750729,
        0.001602153869508627,
        -0.03862794067146932,
        0.004173136468217844,
        -0.47202962712259877,
        0.0
      ],
      [
        -3981.1431749363783,
        -1828.1673291651327,
        0.2344525625476021,
        -15.476938874439206,
        -34.8728777782549,
        -21445.51906038652,
        0.3690795835834958,
        17150.11535368407,
        0.3126069681402191,
        -3.3126073145328037,
        5427.275692927113,
        2.5879752328620484,
        -1034.653828121207,
        1852.349244955956,
        -5.683994871611301,
        -7.264869543914054,
        3.4830850553556534,
        -0.5404327653848344,
        264.3693710520287,
        -22.58707854502797,
        413.80942489490667,
        0.0
      ],
      [
        0.18856034286011247,
        -0.039588071655917656,
        -0.0005774330754400484,
        0.18580901521255536,
        0.3712888738794176,
        -0.4247962575015824,
        -0.00017996738653211554,
        0.3126069681402191,
        0.001022446764943775,
        -8.195739903837331e-05,
        0.11693717919311816,
        0.002447400252748905,
        -0.6407231714180385,
        0.650984918965829,
        -0.0010136052746831446,
        -7.179296585393057e-05,
        0.00481777849970867,
        -0.001246850771861692,
        0.016372384328836705,
        0.0009013153888133183,
        -0.009726194939096156,
        0.0
      ],
      [
        8.37539352402377,
        5.518443403025373,
        -0.02106521331211835,
        5.09647437442168,
        10.181946393332098,
        -0.6288056029478375,
        -0.0009505714020080652,
        -3.3126073145328037,
        -8.195739903837331e-05,
        0.019597362073322643,
        -3.547044650071862,
        -0.0025907922085781038,
        0.5216366655284904,
        -1.9812777844792444,
        0.00149968325232979,
        0.002524265412682683,
        -0.0012119640306647653,
        -0.0005870994403260664,
        -0.1476462900051892,
        0.019078610403335226,
        0.6069918287115581,
        0.0
      ],
      [
        -4826.019109499315,
        -1845.048584577642,
        -8.902785155484729,
        2102.288791855677,
        4197.906308763546,
        -2099.417679456694,
        0.709635877828211,
        5427.275692927113,
        0.11693717919311816,
        -3.547044650071862,
        9363.725368836764,
        0.9059527000315202,
        -991.2058068358217,
        2946.977537203855,
        -0.0405357546773942,
        -3.6265759771228936,
        3.745570997075499,
        2.1659347704447547,
        219.51863632321678,
        -26.655552379592958,
        37.69135997752112,
        0.0
      ],
      [
        -0.06525691187737626,
        -8.502921423486935,
        0.0008342570079487562,
        2.2509611464248285,
        4.496074661951155,
        -2.5108092743133748,
        -0.0001819632072487853,
        2.5879752328620484,
        0.002447400252748905,
        -0.0025907922085781038,
        0.9059527000315202,
        0.1186145404323458,
        -1.4048188486330044,
        2.846787390340562,
        0.005342272991635565,
        0.0007359615459433388,
        -0.008131609965401618,
        0.0022608446096095253,
        0.44559306457008807,
        -0.036898404660133916,
        1.15741911728268,
        0.0
      ],
      [
        -505.48848803091954,
        797.3849536826797,
        1.7348398573861439,
        -839.4801540095743,
        -1677.7779553359705,
        1026.9752335201465,
        0.8526858271174992,
        -1034.653828121207,
        -0.6407231714180385,
        0.5216366655284904,
        -991.2058068358217,
        -1.4048188486330044,
        3933.42835486229,
        -6532.830243654082,
        0.640725045785206,
        1.2677959432581338,
        -3.006469038091205,
        0.5811981829478613,
        -9.443203374625165,
        -2.9023689986472805,
        -819.7883784028706,
        0.0
      ],
      [
        89.86295011264258,
        -2744.235039822332,
        -6.839951372043996,
        534.768720433287,
        1068.000980317588,
        -140.64813718104853,
        -0.4184283137053257,
        1852.349244955956,
        0.650984918965829,
        -1.9812777844792444,
        2946.977537203855,
        2.846787390340562,
        -6532.830243654082,
        22507.488802508302,
        -0.9507860967026628,
        -5.394669096583234,
        7.357646879231993,
        0.9886151275121331,
        28.03478285195588,
        3.428210356262138,
        192.4060603375811,
        0.0
      ],
      [
        -0.33373657847914623,
        -6.894305778783336,
        -0.001854147311200556,
        1.5049938070025408,
        3.007092603502632,
        9.743638648870053,
        6.019592547898398e-05,
        -5.683994871611301,
        -0.0010136052746831446,
        0.00149968325232979,
        -0.0405357546773942,
        0.005342272991635565,
        0.640725045785206,
        -0.9507860967026628,
        0.030066386385188704,
        0.0017313368513250207,
        -0.011193590243318133,
        0.0023720112782038777,
        0.4224835622116611,
        -0.06279604494721774,
        -0.3719435924251048,
        0.0
      ],
      [
        0.06593650939639138,
        12.6493530089687,
        0.01074622555233843,
        -2.280416661946669,
        -4.557540496915299,
        -5.15335538039901,
        -0.0017178752124259737,
        -7.264869543914054,
        -7.179296585393057e-05,
        0.002524265412682683,
        -3.6265759771228936,
        0.0007359615459433388,
        1.2677959432581338,
        -5.394669096583234,
        0.0017313368513250207,
        0.052624715200566406,
        -0.005497440320929496,
        -0.011674946321738391,
        0.29226355072503213,
        -0.039919294142825835,
        -0.3069988442240172,
        0.0
      ],
      [
        -0.8581065656298381,
        1.6779132186732282,
        -0.007490133426522995,
        0.3573116510846179,
        0.7137933484212031,
        -1.0796847667623277,
        -0.0001395512813750729,
        3.4830850553556534,
        0.00481777849970867,
        -0.0012119640306647653,
        3.745570997075499,
        -0.008131609965401618,
        -3.006469038091205,
        7.357646879231993,
        -0.011193590243318133,
        -0.005497440320929496,
        0.046824101578692046,
        -0.005868502882366155,
        0.1646114189192167,
        0.0018304760875016057,
        -0.8123773225858424,
        0.0
      ],
      [
        -1.4303910486665283,
        -1.1690138580799372,
        -0.0040396767500770325,
        1.50910753423598,
        3.0153063137358185,
        7.657280097945449,
        0.001602153869508627,
        -0.5404327653848344,
        -0.001246850771861692,
        -0.0005870994403260664,
        2.1659347704447547,
        0.0022608446096095253,
        0.5811981829478613,
        0.9886151275121331,
        0.0023720112782038777,
        -0.011674946321738391,
        -0.005868502882366155,
        0.016489763116089216,
        -0.3570254258568321,
        0.025222132462225155,
        0.24128713360670795,
        0.0
      ],
      [
        -372.2125225446331,
        -247.82306390144993,
        0.3147136377227249,
        10.649695712264801,
        21.092636082390293,
        -316.14970121869766,
        -0.03862794067146932,
        264.3693710520287,
        0.016372384328836705,
        -0.1476462900051892,
        219.51863632321678,
        0.44559306457008807,
        -9.443203374625165,
        28.03478285195588,
        0.4224835622116611,
        0.29226355072503213,
        0.1646114189192167,
        -0.3570254258568321,
        201.72496829739904,
        -21.492221295987154,
        -9.655434874906637,
        0.0
      ],
      [
        46.72695607678931,
        20.241124379025678,
        -0.045068439426278334,
        -1.5979895329719742,
        -3.1713075855782535,
        18.888803805268836,
        0.004173136468217844,
        -22.58707854502797,
        0.0009013153888133183,
        0.019078610403335226,
        -26.655552379592958,
        -0.036898404660133916,
        -2.9023689986472805,
        3.428210356262138,
        -0.06279604494721774,
        -0.039919294142825835,
        0.0018304760875016057,
        0.025222132462225155,
        -21.492221295987154,
        2.343132363343104,
        2.723750914095106,
        0.0
      ],
      [
        567.8837048637416,
        349.0102813924691,
        -1.5243398329652424,
        437.89350007361804,
        875.373978326751,
        -845.2924879794732,
        -0.47202962712259877,
        413.80942489490667,
        -0.009726194939096156,
        0.6069918287115581,
        37.69135997752112,
        1.15741911728268,
        -819.7883784028706,
        192.4060603375811,
        -0.3719435924251048,
        -0.3069988442240172,
        -0.8123773225858424,
        0.24128713360670795,
        -9.655434874906637,
        2.723750914095106,
        890.7039014803465,
        0.0
      ],
      [
        0.0,
        0.0,
        0.0,
        0.0,
        0.0,
        0.0,
        0.0,
        0.0,
        0.0,
        0.0,
        0.0,
        0.0,
        0.0,
        0.0,
        0.0,
        0.0,
        0.0,
        0.0,
        0.0,
        0.0,
        0.0,
        1000000.0
      ]
    ],
    [
      [
        9377.896726890509,
        -3418.783503876909,
        -9.916363574952168,
        13.33775435319431,
        34.94862370903926,
        4406.782228145075,
        -0.8465115879766897,
        -846.6530151887237,
        -0.011703247724060974,
        2.338001920598794,
        -2371.299398331721,
        -1.2618147096290087,
        -842.3128793193533,
        1721.4881332289572,
        0.32793275423280155,
        -7.887828185799798,
        1.5601061298527557,
        2.323381948279761,
        13.29332271702377,
        -0.607628231821663,
        -121.71059421511072,
        0.0
      ],
      [
        -3418.783503876909,
        24156.599174996227,
        3.3740467792423803,
        -72.82573738807574,
        -151.1587419629522,
        -5494.086320970681,
        0.3972375637636583,
        -1823.173526474948,
        -0.4211760040741175,
        1.3290314793791462,
        1091.8222987381323,
        -8.727307094106907,
        2644.528693601128,
        -5517.250990016784,
        -13.251177640501488,
        20.475238904930315,
        -1.5683231480036275,
        4.837313410050973,
        -111.75999561419906,
        -13.981411498363881,
        314.32111565998423,
        0.0
      ],
      [
        -9.916363574952168,
        3.3740467792423803,
        0.16355640571139998,
        -14.68249712385641,
        -29.314109108492435,
        1.4871312369880978,
        -0.035639896855403,
        -6.8751046347796585,
        0.0011223222554354647,
        -0.01321160872427806,
        -28.809425336977196,
        -0.00900192932699312,
        0.20074749431616595,
        -4.7548988635694105,
        -0.0028176431435685163,
        0.0049174809875295045,
        0.0013568065145655316,
        -0.01258930445489407,
        -0.10345885644337463,
        0.003312993569656803,
        -1.879193939470054,
        0.0
      ],
      [
        13.33775435319431,
        -72.82573738807574,
        -14.68249712385641,
        19213.967147350155,
        38396.00303913658,
        -1300.4224234608039,
        -1.0446332388641733,
        943.7530703090425,
        -0.1950632737633926,
        5.889686259368132,
        850.1062265104606,
        -0.3172113287494476,
        12.59307691784651,
        283.45611918070983,
        0.7421389617213167,
        0.6580585031231172,
        -1.7889239992191077,
        0.9383163396419378,
        -166.03739427515836,
        -0.2612727728490227,
        -8608.336608761721,
        0.0
      ],
      [
        34.94862370903926,
        -151.1587419629522,
        -29.314109108492435,
        38396.00303913658,
        76728.26329610188,
        -2602.267138926163,
        -2.086202068163474,
        1886.8586673294822,
        -0.3883662667674343,
        11.761418738322146,
        1691.4308339069103,
        -0.6362133627344999,
        24.526319822418326,
        566.899913102139,
        1.4858333654492,
        1.3131823811559984,
        -3.5680067648659737,
        1.8643089322065731,
        -332.07129604259364,
        -0.5109701207321229,
        -17218.55180684897,
        0.0
      ],
      [
        4406.782228145075,
        -5494.086320970681,
        1.4871312369880978,
        -1300.4224234608039,
        -2602.267138926163,
        49985.468164874736,
        0.5344698259722344,
        -26951.9683892807,
        -3.764344309269564,
        4.61654276088949,
        -11958.556957593992,
        -13.272302657265863,
        2656.0416966395414,
        -2222.7599933052143,
        6.29805928015293,
        -22.205477388965935,
        -17.324592011451614,
        26.03496155401548,
        11.093842714772165,
        -26.70744444204066,
        812.8510258578841,
        0.0
      ],
      [
        -0.8465115879766897,
        0.3972375637636583,
        -0.035639896855403,
        -1.0446332388641733,
        -2.086202068163474,
        0.5344698259722344,
        0.023320833010731488,
        -0.4899472093386179,
        -0.00046064729730700184,
        -0.001731155776702236,
        2.141609672590956,
        -0.0001496967347980733,
        0.8834597387318962,
        -1.6651731011683502,
        0.0011344870466281501,
        0.0018094413671460334,
        -0.002901697987497825,
        0.0025464996561672384,
        -0.03719841665056151,
        -0.0015776617048684724,
        -0.8240246239031417,
        0.0
      ],
      [
        -846.6530151887237,
        -1823.173526474948,
        -6.8751046347796585,
        943.7530703090425,
        1886.8586673294822,
        -26951.9683892807,
        -0.4899472093386179,
        18730.220121100032,
        1.5126545175535377,
        -2.523018635826892,
        8584.61006481222,
        4.543708846175765,
        -1742.6155827540363,
        2382.8338760819124,
        -4.029681788573151,
        -0.06785469898563684,
        8.612342905067848,
        -8.748320166704868,
        14.837738945583942,
        11.790275534048353,
        -75.53953905227192,
        0.0
      ],
      [
        -0.011703247724060974,
        -0.4211760040741175,
        0.0011223222554354647,
        -0.1950632737633926,
        -0.3883662667674343,
        -3.764344309269564,
        -0.00046064729730700184,
        1.5126545175535377,
        0.0022126281249788713,
        -0.00064988284175967,
        0.4215508343059753,
        0.005885652390217542,
        -1.220931562241372,
        0.8984411140583769,
        -0.0003432994120323893,
        0.0029905995840551957,
        0.012202203211828716,
        -0.007367993045415962,
        -0.0019541952566688872,
        0.007978484516207598,
        0.027506654080076284,
        0.0
      ],
      [
        2.338001920598794,
        1.3290314793791462,
        -0.01321160872427806,
        5.889686259368132,
        11.761418738322146,
        4.61654276088949,
        -0.001731155776702236,
        -2.523018635826892,
        -0.00064988284175967,
        0.01789949258880234,
        -1.1303149940319188,
        -0.0011486652831721746,
        0.723942031031221,
        -1.5103783855372317,
        0.002725943745034525,
        -0.003529963215439079,
        -0.0029419475519640685,
        0.004463518810141693,
        0.019738489670839438,
        -0.004571880314530135,
        -0.2890204258072637,
        0.0
      ],
      [
        -2371.299398331721,
        1091.8222987381323,
        -28.809425336977196,
        850.1062265104606,
        1691.4308339069103,
        -11958.556957593992,
        2.141609672590956,
        8584.61006481222,
        0.4215508343059753,
        -1.1303149940319188,
        21070.589957354903,
        6.135822309544156,
        -1330.4133046549123,
        2277.739190565427,
        -0.8030763812419821,
        9.44648898094178,
        2.9179426929550925,
        -2.2011714591409914,
        30.853305510709365,
        3.548024907528721,
        -168.17457529528957,
        0.0
      ],
      [
        -1.2618147096290087,
        -8.727307094106907,
        -0.00900192932699312,
        -0.3172113287494476,
        -0.6362133627344999,
        -13.272302657265863,
        -0.0001496967347980733,
        4.543708846175765,
        0.005885652390217542,
        -0.0011486652831721746,
        6.135822309544156,
        0.21643871997816747,
        -0.716094453168808,
        3.7563188611657763,
        0.011243526564411499,
        0.021841292851814076,
        0.009525822022831466,
        -0.029301366278727887,
        0.4253408917888972,
        0.03287312898775304,
        6.184590194289718,
        0.0
      ],
      [
        -842.3128793193533,
        2644.528693601128,
        0.20074749431616595,
        12.59307691784651,
        24.526319822418326,
        2656.0416966395414,
        0.8834597387318962,
        -1742.6155827540363,
        -1.220931562241372,
        0.723942031031221,
        -1330.4133046549123,
        -0.716094453168808,
        4525.311481698304,
        -7019.919954463379,
        -1.6594818818396835,
        -0.5752428465991036,
        -7.0328070964719505,
        4.7958627140050485,
        -5.579211032784076,
        -5.544544948554027,
        -214.61495715679217,
        0.0
      ],
      [
        1721.4881332289572,
        -5517.250990016784,
        -4.7548988635694105,
        283.45611918070983,
        566.899913102139,
        -2222.7599933052143,
        -1.6651731011683502,
        2382.8338760819124,
        0.8984411140583769,
        -1.5103783855372317,
        2277.739190565427,
        3.7563188611657763,
        -7019.919954463379,
        19530.374853863894,
        1.8150371765768794,
        -2.644724766432046,
        8.985472441836826,
        -4.270119227561921,
        39.54653454554469,
        9.30249071810493,
        -262.84095152492193,
        0.0
      ],
      [
        0.32793275423280155,
        -13.251177640501488,
        -0.0028176431435685163,
        0.7421389617213167,
        1.4858333654492,
        6.29805928015293,
        0.0011344870466281501,
        -4.029681788573151,
        -0.0003432994120323893,
        0.002725943745034525,
        -0.8030763812419821,
        0.011243526564411499,
        -1.6594818818396835,
        1.8150371765768794,
        0.04455708478519404,
        -0.008522822015664113,
        -0.007889053160477277,
        -0.00652121034345904,
        0.0015907611468767187,
        -0.0048257499268343825,
        -1.319560346902879,
        0.0
      ],
      [
        -7.887828185799798,
        20.475238904930315,
        0.0049174809875295045,
        0.6580585031231172,
        1.3131823811559984,
        -22.205477388965935,
        0.0018094413671460334,
        -0.06785469898563684,
        0.0029905995840551957,
        -0.003529963215439079,
        9.44648898094178,
        0.021841292851814076,
        -0.5752428465991036,
        -2.644724766432046,
        -0.008522822015664113,
        0.09387024916240365,
        0.008152910066103056,
        -0.024438229111075488,
        -0.06671121709904165,
        0.002442487466141738,
        -1.6382563647299537,
        0.0
      ],
      [
        1.5601061298527557,
        -1.5683231480036275,
        0.0013568065145655316,
        -1.7889239992191077,
        -3.5680067648659737,
        -17.324592011451614,
        -0.002901697987497825,
        8.612342905067848,
        0.012202203211828716,
        -0.0029419475519640685,
        2.9179426929550925,
        0.009525822022831466,
        -7.0328070964719505,
        8.985472441836826,
        -0.007889053160477277,
        0.008152910066103056,
        0.08964966082897045,
        -0.038725959060446395,
        0.01963568940581866,
        0.045368370770025326,
        0.9972513264543592,
        0.0
      ],
      [
        2.323381948279761,
        4.837313410050973,
        -0.01258930445489407,
        0.9383163396419378,
        1.8643089322065731,
        26.03496155401548,
        0.0025464996561672384,
        -8.748320166704868,
        -0.007367993045415962,
        0.004463518810141693,
        -2.2011714591409914,
        -0.029301366278727887,
        4.7958627140050485,
        -4.270119227561921,
        -0.00652121034345904,
        -0.024438229111075488,
        -0.038725959060446395,
        0.05016322841101162,
        -0.11491520866809449,
        -0.04282371505995207,
        1.1034821448115437,
        0.0
      ],
      [
        13.29332271702377,
        -111.75999561419906,
        -0.10345885644337463,
        -166.03739427515836,
        -332.07129604259364,
        11.093842714772165,
        -0.03719841665056151,
        14.837738945583942,
        -0.0019541952566688872,
        0.019738489670839438,
        30.853305510709365,
        0.4253408917888972,
        -5.579211032784076,
        39.54653454554469,
        0.0015907611468767187,
        -0.06671121709904165,
        0.01963568940581866,
        -0.11491520866809449,
        20.103633008073388,
        0.08797952266366477,
        479.0086000068039,
        0.0
      ],
      [
        -0.607628231821663,
        -13.981411498363881,
        0.003312993569656803,
        -0.2612727728490227,
        -0.5109701207321229,
        -26.70744444204066,
        -0.0015776617048684724,
        11.790275534048353,
        0.007978484516207598,
        -0.004571880314530135,
        3.548024907528721,
        0.03287312898775304,
        -5.544544948554027,
        9.30249071810493,
        -0.0048257499268343825,
        0.002442487466141738,
        0.045368370770025326,
        -0.04282371505995207,
        0.08797952266366477,
        0.06739984210784415,
        -0.5605647754143296,
        0.0
      ],
      [
        -121.71059421511072,
        314.32111565998423,
        -1.879193939470054,
        -8608.336608761721,
        -17218.55180684897,
        812.8510258578841,
        -0.8240246239031417,
        -75.53953905227192,
        0.027506654080076284,
        -0.2890204258072637,
        -168.17457529528957,
        6.184590194289718,
        -214.61495715679217,
        -262.84095152492193,
        -1.319560346902879,
        -1.6382563647299537,
        0.9972513264543592,
        1.1034821448115437,
        479.0086000068039,
        -0.5605647754143296,
        25330.664098036978,
        0.0
      ],
      [
        0.0,
        0.0,
        0.0,
        0.0,
        0.0,
        0.0,
        0.0,
        0.0,
        0.0,
        0.0,
        0.0,
        0.0,
        0.0,
        0.0,
        0.0,
        0.0,
        0.0,
        0.0,
        0.0,
        0.0,
        0.0,
        1000000.0
      ]
    ],
    [
      [
        9293.997515419322,
        176.09913528246005,
        -15.002389434061248,
        -8219.57593940797,
        -16431.282431804764,
        800.9457920458647,
        -1.7583381351562,
        1608.5460718463528,
        0.2468134606669514,
        2.150047448363986,
        1182.8210580995815,
        -0.14560738980712606,
        -855.298277842877,
        2447.3631173599147,
        0.37822769353101515,
        -3.698864307886803,
        3.869970502192469,
        1.7372988140800087,
        -15906.866883652989,
        -2.76058876909022,
        0.0,
        0.0
      ],
      [
        176.09913528246005,
        19394.320832196383,
        -2.9365407915356583,
        -2254.227090580497,
        -4509.540853888495,
        -11326.713342588839,
        -0.94825135021264,
        4898.584348225564,
        0.45685668774744886,
        2.104475646403557,
        3156.3972161834563,
        -12.532188427444211,
        1473.8457146468327,
        -2928.3915143479244,
        -18.175539445586725,
        4.570217658353485,
        8.804936519833133,
        0.1677804215683736,
        -4255.629047481925,
        -1.4644730333531946,
        0.0,
        0.0
      ],
      [
        -15.002389434061248,
        -2.9365407915356583,
        0.1706339540665599,
        35.498581853609224,
        71.0449451445192,
        8.788721144070852,
        -0.03146306877412435,
        -11.83872836344393,
        -0.000920823265147029,
        -0.01686243136074609,
        -30.001700491620575,
        -0.002281736965666371,
        2.594985126855679,
        -13.500759924907298,
        -0.0009790045159474166,
        0.0012533564138600744,
        -0.016872648978335465,
        -0.006882728728811464,
        68.77000499178209,
        0.001393136864431668,
        0.0,
        0.0
      ],
      [
        -8219.57593940797,
        -2254.227090580497,
        35.498581853609224,
        184417.52658094533,
        368826.9053964931,
        -7496.407272580048,
        0.9435664215774626,
        1051.6059598054728,
        0.28343627175326,
        -1.6987497073620044,
        -13055.429527697606,
        1.180300813873872,
        -1419.836539992452,
        5227.918591477055,
        0.01603358117522327,
        0.9936103449544886,
        -2.475596095135242,
        -6.314280870657477,
        357760.85044773936,
        8.764441035157697,
        0.0,
        0.0
      ],
      [
        -16431.282431804764,
        -4509.540853888495,
        71.0449451445192,
        368826.9053964931,
        737637.6083358041,
        -14986.662459893738,
        1.882623056495913,
        2098.608341973958,
        0.5670632258072021,
        -3.413946277576679,
        -26117.77026248489,
        2.3573369637162127,
        -2840.097993966735,
        10455.613579928222,
        0.03160185390073732,
        1.9866715678483304,
        -4.950439081170691,
        -12.630841202009423,
        715505.966650617,
        17.52907453262989,
        0.0,
        0.0
      ],
      [
        800.9457920458647,
        -11326.713342588839,
        8.788721144070852,
        -7496.407272580048,
        -14986.662459893738,
        39809.664389009355,
        0.5082439211771059,
        -22818.270690727953,
        -1.0128090054520194,
        -0.9053613534361121,
        -8550.84198630299,
        6.803071273424154,
        -95.35221710262003,
        931.3241798387953,
        13.289587065540138,
        -7.8414680997948665,
        -7.677043728568144,
        9.725300868536737,
        -14905.446416487608,
        -11.410484009009737,
        0.0,
        0.0
      ],
      [
        -1.7583381351562,
        -0.94825135021264,
        -0.03146306877412435,
        0.9435664215774626,
        1.882623056495913,
        0.5082439211771059,
        0.02003458512788021,
        -0.6495975738602795,
        0.00015975156799300584,
        0.0010174591306769862,
        1.6827564758721314,
        0.0019609424235569484,
        -0.13897939182649094,
        0.35992300785693715,
        -0.0007996656933272278,
        0.002041937293874385,
        0.001237934806184899,
        0.0008930444054203646,
        1.8117795772037906,
        0.0026139059711519194,
        0.0,
        0.0
      ],
      [
        1608.5460718463528,
        4898.584348225564,
        -11.83872836344393,
        1051.6059598054728,
        2098.608341973958,
        -22818.270690727953,
        -0.6495975738602795,
        15732.102550196765,
        0.5826823564665122,
        0.7853807196261182,
        6835.256938219056,
        -4.678511178159834,
        -384.06491485748836,
        986.1969682207733,
        -7.7428587675736065,
        -1.2212472251497273,
        6.047571186284782,
        -2.081933534679802,
        2266.943988664249,
        3.4842414990688413,
        0.0,
        0.0
      ],
      [
        0.2468134606669514,
        0.45685668774744886,
        -0.000920823265147029,
        0.28343627175326,
        0.5670632258072021,
        -1.0128090054520194,
        0.00015975156799300584,
        0.5826823564665122,
        0.0010263879178216537,
        0.00010629358402107294,
        0.27996659487217723,
        0.0022654990152827766,
        -0.5625716489881287,
        0.5012245122822502,
        -0.001127388580912454,
        0.00020573040179129782,
        0.004850983763838403,
        -0.0011785635981476751,
        0.5613049077300246,
        0.002268098627896792,
        0.0,
        0.0
      ],
      [
        2.150047448363986,
        2.104475646403557,
        -0.01686243136074609,
        -1.6987497073620044,
        -3.413946277576679,
        -0.9053613534361121,
        0.0010174591306769862,
        0.7853807196261182,
        0.00010629358402107294,
        0.018227420878924698,
        -0.27376134212965497,
        -0.0015003752235188254,
        1.2073231406811558,
        -1.54690410491057,
        0.00196201223066225,
        -0.0033845039346932803,
        0.0031253659227358484,
        0.0018256140395484413,
        -3.299200641063925,
        -6.320603048935242e-05,
        0.0,
        0.0
      ],
      [
        1182.8210580995815,
        3156.3972161834563,
        -30.001700491620575,
        -13055.429527697606,
        -26117.77026248489,
        -8550.84198630299,
        1.6827564758721314,
        6835.256938219056,
        0.27996659487217723,
        -0.27376134212965497,
        15042.48704921533,
        0.4454191649201332,
        -1288.6313144689266,
        3736.8934179229973,
        -2.4197370662311273,
        4.559354507682394,
        3.9607110191384756,
        0.3243074168760034,
        -25241.51133395869,
        0.024733375932693723,
        0.0,
        0.0
      ],
      [
        -0.14560738980712606,
        -12.532188427444211,
        -0.002281736965666371,
        1.180300813873872,
        2.3573369637162127,
        6.803071273424154,
        0.0019609424235569484,
        -4.678511178159834,
        0.0022654990152827766,
        -0.0015003752235188254,
        0.4454191649201332,
        0.12461544441184866,
        -1.5250752102341563,
        3.0813924785536475,
        0.015952518361569287,
        0.010703339552793074,
        -0.013452902725457933,
        0.0008186689585739114,
        2.200559843336487,
        0.005429971378695188,
        0.0,
        0.0
      ],
      [
        -855.298277842877,
        1473.8457146468327,
        2.594985126855679,
        -1419.836539992452,
        -2840.097993966735,
        -95.35221710262003,
        -0.13897939182649094,
        -384.06491485748836,
        -0.5625716489881287,
        1.2073231406811558,
        -1288.6313144689266,
        -1.5250752102341563,
        3030.8954670628996,
        -6082.828494545149,
        -0.7797415723590779,
        -0.4257681724225789,
        -2.6438913807802793,
        0.5157333802596691,
        -2759.670206966882,
        -1.1020744099941426,
        0.0,
        0.0
      ],
      [
        2447.3631173599147,
        -2928.3915143479244,
        -13.500759924907298,
        5227.918591477055,
        10455.613579928222,
        931.3241798387953,
        0.35992300785693715,
        986.1969682207733,
        0.5012245122822502,
        -1.54690410491057,
        3736.8934179229973,
        3.0813924785536475,
        -6082.828494545149,
        22129.52339705995,
        1.5774205313561858,
        -1.9513006824350028,
        5.413862135585294,
        1.6925414024995713,
        10145.287937471496,
        2.3181334674532623,
        0.0,
        0.0
      ],
      [
        0.37822769353101515,
        -18.175539445586725,
        -0.0009790045159474166,
        0.01603358117522327,
        0.03160185390073732,
        13.289587065540138,
        -0.0007996656933272278,
        -7.7428587675736065,
        -0.001127388580912454,
        0.00196201223066225,
        -2.4197370662311273,
        0.015952518361569287,
        -0.7797415723590779,
        1.5774205313561858,
        0.04460261788122623,
        -0.0017972314399816685,
        -0.015924065769628064,
        -0.0020381364508794825,
        -0.11572076808422926,
        -0.01044420791182317,
        0.0,
        0.0
      ],
      [
        -3.698864307886803,
        4.570217658353485,
        0.0012533564138600744,
        0.9936103449544886,
        1.9866715678483304,
        -7.8414680997948665,
        0.002041937293874385,
        -1.2212472251497273,
        0.00020573040179129782,
        -0.0033845039346932803,
        4.559354507682394,
        0.010703339552793074,
        -0.4257681724225789,
        -1.9513006824350028,
        -0.0017972314399816685,
        0.04808761080366837,
        -0.004126808244707535,
        -0.012666453430891528,
        1.9564510654309297,
        -0.0008174773390047781,
        0.0,
        0.0
      ],
      [
        3.869970502192469,
        8.804936519833133,
        -0.016872648978335465,
        -2.475596095135242,
        -4.950439081170691,
        -7.677043728568144,
        0.001237934806184899,
        6.047571186284782,
        0.004850983763838403,
        0.0031253659227358484,
        3.9607110191384756,
        -0.013452902725457933,
        -2.6438913807802793,
        5.413862135585294,
        -0.015924065769628064,
        -0.004126808244707535,
        0.047306550931104537,
        -0.0038384882617890736,
        -4.696950000966881,
        0.017471818527070665,
        0.0,
        0.0
      ],
      [
        1.7372988140800087,
        0.1677804215683736,
        -0.006882728728811464,
        -6.314280870657477,
        -12.630841202009423,
        9.725300868536737,
        0.0008930444054203646,
        -2.081933534679802,
        -0.0011785635981476751,
        0.0018256140395484413,
        0.3243074168760034,
        0.0008186689585739114,
        0.5157333802596691,
        1.6925414024995713,
        -0.0020381364508794825,
        -0.012666453430891528,
        -0.0038384882617890736,
        0.018945844563176717,
        -12.312772420698865,
        -0.01151882724176826,
        0.0,
        0.0
      ],
      [
        -15906.866883652989,
        -4255.629047481925,
        68.77000499178209,
        357760.85044773936,
        715505.966650617,
        -14905.446416487608,
        1.8117795772037906,
        2266.943988664249,
        0.5613049077300246,
        -3.299200641063925,
        -25241.51133395869,
        2.200559843336487,
