{
  "q_values": [
    7.263948617116511,
    6.562061384166226,
    6.812378887007366
  ],
  "weights": [
    [
      -0.9277700742275281,
      -0.5758442336902819,
      0.5097067194227303,
      0.1955988443026317,
      -0.0977994221797922,
      -1.8732555687858894,
      -0.35994360226668587,
      -2.667918196756831,
      -1.0434700844530476,
      0.10471171473511448,
      -0.16770185264475923,
      -5.0006082227787685,
      -0.5078893275278089,
      -4.131717996765065,
      1.214183839173649,
      1.6260544555594378,
      -5.369115447899522,
      2.4224464645555943,
      -10.0,
      5.484429828878523,
      -8.485035946547441,
      0.0
    ],
    [
      -10.0,
      -10.0,
      -0.36849161527805774,
      10.0,
      10.0,
      -10.0,
      0.15048775912623724,
      10.0,
      -1.2005473946115661,
      0.22710940509247446,
      10.0,
      -2.711104607566044,
      -10.0,
      10.0,
      0.15578922990721678,
      0.69856908751801,
      -2.943600568571181,
      3.9761719955670585,
      -4.470125884301638,
      5.611008239455614,
      -10.0,
      0.0
    ],
    [
      0.35253846665761035,
      -0.8258814372788237,
      0.1012883891745453,
      -0.5770426362721537,
      0.28852131529356484,
      1.090288774300916,
      0.7034069183101224,
      2.5745877178417516,
      -1.0100498490737633,
      -0.8908629917027606,
      -2.1368679512340023,
      -4.399944365023922,
      -5.916700730333787,
      -2.2940444123926564,
      0.7061999047698322,
      1.0235547378262702,
      -4.745736986589158,
      1.9394851824317716,
      1.0306194135707286e-09,
      5.159427871990982,
      0.0,
      0.0
    ]
  ],
  "cov_inv_matrices": [
    [
      [
        129.95220954309391,
        -0.044409127361812274,
        -0.17442178563216656,
        -0.011128665825484654,
        0.005564332916015392,
        -0.07308208657505769,
        -0.004173463765493827,
        -0.1143183745944315,
        0.003692923323844846,
        0.025978314872794846,
        -0.034351672556241095,
        0.011031677485478513,
        -0.2476716756110375,
        -0.122680221719102,
        0.012225176170489651,
        -0.0031101338165424697,
        0.002111257830250902,
        -0.01735350589731272,
        0.1354943672876327,
        0.011601148959732147,
        -0.07570659688987454,
        0.0
      ],
      [
        -0.044409127361812274,
        129.8524951001428,
        -0.014535547898319836,
        0.0022932987429459062,
        -0.001146649367022451,
        -0.3058467291693807,
        0.003989250329335102,
        -0.4705740924779942,
        0.0043798945711722576,
        0.010230286287456099,
        0.07164115315827636,
        -0.13977820147432785,
        -0.8311303098460194,
        -0.7584820670410415,
        -0.05107719218525118,
        0.008308271104137642,
        0.05499930747359306,
        0.0022143291058715443,
        -0.21610027615290223,
        -0.06105119053299095,
        -0.7300790146445395,
        0.0
      ],
      [
        -0.17442178563216656,
        -0.014535547898319836,
        0.13186419812542519,
        -0.03134412830313431,
        0.015672064150518233,
        0.010305140421950115,
        -0.04349677718341261,
        0.009536960362518929,
        -0.0009414953406211791,
        -0.013770650344997595,
        -0.15000060424168019,
        -0.00959347107380372,
        -0.13813704124386617,
        -0.07575280403792495,
        -0.003982031722026361,
        0.006574266356999153,
        -0.0016738650217845005,
        0.0016146435389920444,
        0.15359877840160321,
        -0.030893193539578596,
        -0.08182466097867155,
        0.0
      ],
      [
        -0.011128665825484654,
        0.0022932987429459062,
        -0.03134412830313431,
        26.089234952511212,
        52.109886507491055,
        -0.005853595038362169,
        0.0009673530467779231,
        -0.005293624356766063,
        0.00011574696845428602,
        0.01031997402646995,
        0.013008668661212206,
        -0.0013363652507588017,
        0.029880183063908047,
        0.014532286537591489,
        -0.002237158077095637,
        -0.0032297657444216206,
        -0.00044992123318940625,
        -6.898505517933317e-05,
        -0.0334501638713616,
        0.00884163702815128,
        0.04322875931261409,
        0.0
      ],
      [
        0.005564332916015392,
        -0.001146649367022451,
        0.015672064150518233,
        52.109886507491055,
        104.25406471374592,
        0.0029267975049491555,
        -0.00048367652273212706,
        0.0026468121499972092,
        -5.787348496022612e-05,
        -0.005159987014494185,
        -0.006504334320572575,
        0.0006681826286486974,
        -0.014940091530054992,
        -0.007266143271716662,
        0.001118579036768331,
        0.001614882878182684,
        0.00022496061096437787,
        3.449253265301951e-05,
        0.016725081959463234,
        -0.00442081852590768,
        -0.02161437966401638,
        0.0
      ],
      [
        -0.07308208657505769,
        -0.3058467291693807,
        0.010305140421950115,
        -0.005853595038362169,
        0.0029267975049491555,
        129.68039226453007,
        -0.0010967308111057786,
        -0.9056918497103167,
        0.010444885543648074,
        -0.007821315122744726,
        0.18272283366217817,
        -0.1631435286056445,
        -0.2902255020952744,
        -0.2984416353069883,
        -0.02579921650847889,
        -0.12017804980967331,
        0.10683564631335027,
        0.007335156852441878,
        -0.0873570850935364,
        -0.06156724793576726,
        -0.570459829588609,
        0.0
      ],
      [
        -0.004173463765493827,
        0.003989250329335102,
        -0.04349677718341261,
        0.0009673530467779231,
        -0.00048367652273212706,
        -0.0010967308111057786,
        0.028978673624317157,
        -0.007362898091626418,
        0.00024195352988497042,
        -0.004402923453009894,
        0.013569449044841211,
        0.010678004920948336,
        0.008661147887036286,
        0.014454216860434776,
        0.0007390125681593261,
        0.0004200550153760997,
        0.00208103268843158,
        0.0012468131531217185,
        -0.08932897282491602,
        0.012338299941890576,
        -0.043603577473264196,
        0.0
      ],
      [
        -0.1143183745944315,
        -0.4705740924779942,
        0.009536960362518929,
        -0.005293624356766063,
        0.0026468121499972092,
        -0.9056918497103167,
        -0.007362898091626418,
        128.70369872599446,
        0.0168596160469221,
        -0.00977004427205307,
        0.42345550753169703,
        -0.24297807010311467,
        -0.3267211493984832,
        -0.3988310048592948,
        -0.08923027911914119,
        -0.21188625590227456,
        0.1570743987263624,
        0.006196318464848876,
        -0.45084883075246085,
        -0.0037076018458576795,
        -0.572375136317706,
        0.0
      ],
      [
        0.003692923323844846,
        0.0043798945711722576,
        -0.0009414953406211791,
        0.00011574696845428602,
        -5.787348496022612e-05,
        0.010444885543648074,
        0.00024195352988497042,
        0.0168596160469221,
        0.0008099487585244791,
        -0.00010719249279203828,
        -0.0021483452939838436,
        0.003315508040054211,
        -0.007231711669282946,
        0.0011707029190008655,
        -0.00012436109012126041,
        -0.00018856472820353226,
        0.0020451049936541276,
        -0.0012782223322965307,
        0.010060731558757419,
        0.0036256224375734144,
        -0.0023200772932372633,
        0.0
      ],
      [
        0.025978314872794846,
        0.010230286287456099,
        -0.013770650344997595,
        0.01031997402646995,
        -0.005159987014494185,
        -0.007821315122744726,
        -0.004402923453009894,
        -0.00977004427205307,
        -0.00010719249279203828,
        0.02467121145390789,
        -0.025408581423712107,
        -0.005289240665165182,
        -0.03149583170644753,
        -0.023071618225028137,
        -0.00017658588655170942,
        -0.004544485100393216,
        -0.0012156452067829694,
        0.0003447203731837716,
        0.02075453275356859,
        0.0021845128168890855,
        0.032240871173503854,
        0.0
      ],
      [
        -0.034351672556241095,
        0.07164115315827636,
        -0.15000060424168019,
        0.013008668661212206,
        -0.006504334320572575,
        0.18272283366217817,
        0.013569449044841211,
        0.42345550753169703,
        -0.0021483452939838436,
        -0.025408581423712107,
        129.80872287245202,
        0.12395273901239537,
        0.12410476346715207,
        0.10399997787721015,
        0.04225353287146965,
        0.06334515135168667,
        -0.015071271495828428,
        -0.002199034979183871,
        0.1514969638608523,
        -0.022885849643074337,
        -0.2673545500059511,
        0.0
      ],
      [
        0.011031677485478513,
        -0.13977820147432785,
        -0.00959347107380372,
        -0.0013363652507588017,
        0.0006681826286486974,
        -0.1631435286056445,
        0.010678004920948336,
        -0.24297807010311467,
        0.003315508040054211,
        -0.005289240665165182,
        0.12395273901239537,
        0.24336322626814602,
        -0.1951698549276859,
        -0.3660765206568929,
        0.0017564260303928104,
        0.00222383688240305,
        -0.005228243762357122,
        0.021507996876250483,
        0.1283926707514773,
        0.013799984794165342,
        -0.20299841801811208,
        0.0
      ],
      [
        -0.2476716756110375,
        -0.8311303098460194,
        -0.13813704124386617,
        0.029880183063908047,
        -0.014940091530054992,
        -0.2902255020952744,
        0.008661147887036286,
        -0.3267211493984832,
        -0.007231711669282946,
        -0.03149583170644753,
        0.12410476346715207,
        -0.1951698549276859,
        120.87365927244066,
        -6.3125909528651745,
        -0.002403418896964242,
        -0.019765909356551564,
        0.18994683049294941,
        0.03854920997102017,
        -0.5900774995941522,
        -0.04350085453478425,
        -4.877811333340411,
        0.0
      ],
      [
        -0.122680221719102,
        -0.7584820670410415,
        -0.07575280403792495,
        0.014532286537591489,
        -0.007266143271716662,
        -0.2984416353069883,
        0.014454216860434776,
        -0.3988310048592948,
        0.0011707029190008655,
        -0.023071618225028137,
        0.10399997787721015,
        -0.3660765206568929,
        -6.3125909528651745,
        125.32840992677741,
        0.006168165697562331,
        0.005534575075735161,
        0.12480058559075236,
        0.03692276800862776,
        -0.38985492450872744,
        -0.016804585542406717,
        -3.580496617777159,
        0.0
      ],
      [
        0.012225176170489651,
        -0.05107719218525118,
        -0.003982031722026361,
        -0.002237158077095637,
        0.001118579036768331,
        -0.02579921650847889,
        0.0007390125681593261,
        -0.08923027911914119,
        -0.00012436109012126041,
        -0.00017658588655170942,
        0.04225353287146965,
        0.0017564260303928104,
        -0.002403418896964242,
        0.006168165697562331,
        0.052296880937452404,
        0.0049469946031947525,
        -0.002748581250615022,
        -0.0001635146400852236,
        -0.08880250036841754,
        -0.021752604726882598,
        -0.03224448849100931,
        0.0
      ],
      [
        -0.0031101338165424697,
        0.008308271104137642,
        0.006574266356999153,
        -0.0032297657444216206,
        0.001614882878182684,
        -0.12017804980967331,
        0.0004200550153760997,
        -0.21188625590227456,
        -0.00018856472820353226,
        -0.004544485100393216,
        0.06334515135168667,
        0.00222383688240305,
        -0.019765909356551564,
        0.005534575075735161,
        0.0049469946031947525,
        0.06019202315623954,
        -0.0007782032344575136,
        -0.002982107778869521,
        0.04527230833171636,
        -0.03685780548129351,
        -0.056207904527875066,
        0.0
      ],
      [
        0.002111257830250902,
        0.05499930747359306,
        -0.0016738650217845005,
        -0.00044992123318940625,
        0.00022496061096437787,
        0.10683564631335027,
        0.00208103268843158,
        0.1570743987263624,
        0.0020451049936541276,
        -0.0012156452067829694,
        -0.015071271495828428,
        -0.005228243762357122,
        0.18994683049294941,
        0.12480058559075236,
        -0.002748581250615022,
        -0.0007782032344575136,
        0.03594728390905995,
        0.0068143401535455065,
        -0.01747714024418852,
        0.014594132437453496,
        0.16585020116330218,
        0.0
      ],
      [
        -0.01735350589731272,
        0.0022143291058715443,
        0.0016146435389920444,
        -6.898505517933317e-05,
        3.449253265301951e-05,
        0.007335156852441878,
        0.0012468131531217185,
        0.006196318464848876,
        -0.0012782223322965307,
        0.0003447203731837716,
        -0.002199034979183871,
        0.021507996876250483,
        0.03854920997102017,
        0.03692276800862776,
        -0.0001635146400852236,
        -0.002982107778869521,
        0.0068143401535455065,
        0.028199367118846783,
        0.12400007976228344,
        -0.02433973110488976,
        0.04079219113181788,
        0.0
      ],
      [
        0.1354943672876327,
        -0.21610027615290223,
        0.15359877840160321,
        -0.0334501638713616,
        0.016725081959463234,
        -0.0873570850935364,
        -0.08932897282491602,
        -0.45084883075246085,
        0.010060731558757419,
        0.02075453275356859,
        0.1514969638608523,
        0.1283926707514773,
        -0.5900774995941522,
        -0.38985492450872744,
        -0.08880250036841754,
        0.04527230833171636,
        -0.01747714024418852,
        0.12400007976228344,
        71.70607162718582,
        -7.473168996265935,
        -0.9868533601939328,
        0.0
      ],
      [
        0.011601148959732147,
        -0.06105119053299095,
        -0.030893193539578596,
        0.00884163702815128,
        -0.00442081852590768,
        -0.06156724793576726,
        0.012338299941890576,
        -0.0037076018458576795,
        0.0036256224375734144,
        0.0021845128168890855,
        -0.022885849643074337,
        0.013799984794165342,
        -0.04350085453478425,
        -0.016804585542406717,
        -0.021752604726882598,
        -0.03685780548129351,
        0.014594132437453496,
        -0.02433973110488976,
        -7.473168996265935,
        0.8524407701594721,
        0.2712716768507254,
        0.0
      ],
      [
        -0.07570659688987454,
        -0.7300790146445395,
        -0.08182466097867155,
        0.04322875931261409,
        -0.02161437966401638,
        -0.570459829588609,
        -0.043603577473264196,
        -0.572375136317706,
        -0.0023200772932372633,
        0.032240871173503854,
        -0.2673545500059511,
        -0.20299841801811208,
        -4.877811333340411,
        -3.580496617777159,
        -0.03224448849100931,
        -0.056207904527875066,
        0.16585020116330218,
        0.04079219113181788,
        -0.9868533601939328,
        0.2712716768507254,
        118.44817768460464,
        0.0
      ],
      [
        0.0,
        0.0,
        0.0,
        0.0,
        0.0,
        0.0,
        0.0,
        0.0,
        0.0,
        0.0,
        0.0,
        0.0,
        0.0,
        0.0,
        0.0,
        0.0,
        0.0,
        0.0,
        0.0,
        0.0,
        0.0,
        130.30900796749202
      ]
    ],
    [
      [
        42272.96123702322,
        5836.6754067823995,
        -34.097438447961665,
        216.67070357071697,
        470.0230443769817,
        -11299.640665235249,
        -9.703760606515377,
        -599.4595968846509,
        -0.1755516613127187,
        15.780434600395871,
        -7093.39444337774,
        -5.445285791290759,
        -346.06370094534066,
        -1694.375625123762,
        -4.206733143092515,
        8.157378440871067,
        -4.079021594861157,
        2.952897711734135,
        69.72147275978193,
        4.160348361679963,
        -867.4582226541704,
        0.0
      ],
      [
        5836.6754067823995,
        133526.29058895487,
        -2.81346119821265,
        867.9605429645873,
        1731.7132267996824,
        -39092.83321595918,
        4.025194164843731,
        -16546.858174162608,
        1.3448838981435078,
        7.585299383068184,
        -8710.564162035367,
        -47.78048345636935,
        2782.8461795542253,
        -4625.438221233386,
        -54.55385528867307,
        107.04695396062759,
        21.882082296773742,
        9.127487663986756,
        -128.85228906270052,
        -51.048372466490946,
        1056.9176928573684,
        0.0
      ],
      [
        -34.097438447961665,
        -2.81346119821265,
        0.44774064935234953,
        -0.0881690441489182,
        0.01865027189294126,
        -14.34325716697052,
        -0.13260652118180521,
        -4.791019035420618,
        0.001105166370608323,
        -0.04231343250157276,
        -32.15296694185459,
        0.010386043519849179,
        0.908760038393393,
        -1.6959187499963533,
        0.0036907952496379307,
        0.022488796845065405,
        -0.01431096982383639,
        0.008509250598234784,
        -0.1458872149752133,
        0.03298946080236488,
        -7.6393125926458305,
        0.0
      ],
      [
        216.67070357071697,
        867.9605429645873,
        -0.0881690441489182,
        852.9706773284379,
        1705.6434614938732,
        -3258.970798913371,
        0.6364011870108677,
        1603.6338858124634,
        -0.1090201793224981,
        -0.2489098717396034,
        -2.0216450990644064,
        -4.144578546104236,
        -1797.1000085729015,
        3277.9600813823895,
        0.3899015889167704,
        0.6794458723876223,
        1.9823286498367139,
        1.040799022994062,
        -82.95983229851201,
        -1.8123158699336304,
        -7264.032064377034,
        0.0
      ],
      [
        470.0230443769817,
        1731.7132267996824,
        0.01865027189294126,
        1705.6434614938732,
        3411.2467829586117,
        -6487.309939697545,
        1.2769028349788185,
        3179.838548247844,
        -0.2187697142151158,
        -0.584179342165078,
        -24.70509916466686,
        -8.281169653234578,
        -3591.785463173441,
        6552.202307614611,
        0.794119559522113,
        1.3642671827894493,
        3.9495508390251945,
        2.10350415551708,
        -166.15527814520325,
        -3.6265576265607584,
        -14549.560449419238,
        0.0
      ],
      [
        -11299.640665235249,
        -39092.83321595918,
        -14.34325716697052,
        -3258.970798913371,
        -6487.309939697545,
        246227.72240708768,
        18.421264957322236,
        -123108.23650287218,
        1.9805891896817118,
        -16.948778598076323,
        1639.7566358472711,
        -20.856918222731878,
        3668.955335057841,
        -495.31922173021553,
        54.919265517547274,
        -71.65221654801445,
        15.381527058554166,
        -19.59200433917286,
        69.18714263717199,
        -26.895810393818852,
        -3743.043940404042,
        0.0
      ],
      [
        -9.703760606515377,
        4.025194164843731,
        -0.13260652118180521,
        0.6364011870108677,
        1.2769028349788185,
        18.421264957322236,
        0.09923735723428613,
        -8.237176834200337,
        -0.0008785167181562469,
        -0.022727321270237293,
        8.437145919559793,
        -0.010643617879598308,
        -1.2689011697173063,
        2.3867429024798232,
        0.006517750249481143,
        -0.0056877313408817045,
        0.006558827178836614,
        0.0020805381935998808,
        -0.27528961768272797,
        -0.021627185437307225,
        -12.938046765738164,
        0.0
      ],
      [
        -599.4595968846509,
        -16546.858174162608,
        -4.791019035420618,
        1603.6338858124634,
        3179.838548247844,
        -123108.23650287218,
        -8.237176834200337,
        85691.00318105803,
        -0.6756740410495425,
        2.2936614748229247,
        8670.604200164995,
        6.73364759079233,
        -2003.12665109198,
        2291.6407019641924,
        -24.629230253559673,
        -17.095063684725087,
        0.4569872005623627,
        3.3797922538896272,
        23.871278357660074,
        19.46017216201261,
        918.9827437881464,
        0.0
      ],
      [
        -0.1755516613127187,
        1.3448838981435078,
        0.001105166370608323,
        -0.1090201793224981,
        -0.2187697142151158,
        1.9805891896817118,
        -0.0008785167181562469,
        -0.6756740410495425,
        0.004152355364698657,
        0.0003517911963192989,
        -0.1375777497144205,
        0.00012667416077631675,
        0.3772825474250197,
        -0.4202036784361465,
        -0.0007353159431409612,
        -0.0008380175919492998,
        -0.005028998844118478,
        0.0037516494500654724,
        0.053533664817921225,
        0.034853281945787434,
        1.0311659271297107,
        0.0
      ],
      [
        15.780434600395871,
        7.585299383068184,
        -0.04231343250157276,
        -0.2489098717396034,
        -0.584179342165078,
        -16.948778598076323,
        -0.022727321270237293,
        2.2936614748229247,
        0.0003517911963192989,
        0.07031640479112847,
        -7.3472780035978245,
        0.003524046783281779,
        0.18882648409963934,
        -1.7848792590772877,
        -0.007850142546991738,
        0.01733515862923063,
        -0.0020617439957140373,
        -0.004112498163846271,
        0.2575206181676224,
        0.010315177199523863,
        11.15273708491175,
        0.0
      ],
      [
        -7093.39444337774,
        -8710.564162035367,
        -32.15296694185459,
        -2.0216450990644064,
        -24.70509916466686,
        1639.7566358472711,
        8.437145919559793,
        8670.604200164995,
        -0.1375777497144205,
        -7.3472780035978245,
        12536.912271261092,
        9.387792215429698,
        -397.8326508919139,
        1185.1963286251996,
        1.9096558710379938,
        -13.012475979494766,
        3.956732100734565,
        -2.621842543655994,
        15.862565413992634,
        -6.0261861065815925,
        1331.1089900526601,
        0.0
      ],
      [
        -5.445285791290759,
        -47.78048345636935,
        0.010386043519849179,
        -4.144578546104236,
        -8.281169653234578,
        -20.856918222731878,
        -0.010643617879598308,
        6.73364759079233,
        0.00012667416077631675,
        0.003524046783281779,
        9.387792215429698,
        0.33060617333339,
        10.511591893787847,
        -19.830200499664052,
        0.02244069504881019,
        0.026577824855703234,
        -0.05804118426149927,
        0.023555001160616634,
        0.034638866755144854,
        0.06636927814805432,
        18.16003363168581,
        0.0
      ],
      [
        -346.06370094534066,
        2782.8461795542253,
        0.908760038393393,
        -1797.1000085729015,
        -3591.785463173441,
        3668.955335057841,
        -1.2689011697173063,
        -2003.12665109198,
        0.3772825474250197,
        0.18882648409963934,
        -397.8326508919139,
        10.511591893787847,
        6601.824419135117,
        -10710.420393835397,
        -2.4400845842724386,
        -0.8400937838342731,
        -5.880833712212634,
        -4.594267109568649,
        35.59995313970525,
        3.529117875891279,
        1848.674509680738,
        0.0
      ],
      [
        -1694.375625123762,
        -4625.438221233386,
        -1.6959187499963533,
        3277.9600813823895,
        6552.202307614611,
        -495.31922173021553,
        2.3867429024798232,
        2291.6407019641924,
        -0.4202036784361465,
        -1.7848792590772877,
        1185.1963286251996,
        -19.830200499664052,
        -10710.420393835397,
        21784.547974224755,
        2.584403955571302,
        -4.125132849719361,
        8.135357771209664,
        5.013139361610604,
        -47.26457840720066,
        -5.0716845593873945,
        -1270.489166912556,
        0.0
      ],
      [
        -4.206733143092515,
        -54.55385528867307,
        0.0036907952496379307,
        0.3899015889167704,
        0.794119559522113,
        54.919265517547274,
        0.006517750249481143,
        -24.629230253559673,
        -0.0007353159431409612,
        -0.007850142546991738,
        1.9096558710379938,
        0.02244069504881019,
        -2.4400845842724386,
        2.584403955571302,
        0.16610933512492146,
        -0.051053359852329894,
        -0.015141666625609678,
        -0.005333090824457272,
        -0.1421416176268389,
        -0.035032279331933064,
        -24.233617574050296,
        0.0
      ],
      [
        8.157378440871067,
        107.04695396062759,
        0.022488796845065405,
        0.6794458723876223,
        1.3642671827894493,
        -71.65221654801445,
        -0.0056877313408817045,
        -17.095063684725087,
        -0.0008380175919492998,
        0.01733515862923063,
        -13.012475979494766,
        0.026577824855703234,
        -0.8400937838342731,
        -4.125132849719361,
        -0.051053359852329894,
        0.2938358858744598,
        -0.014828427128596635,
        0.021208201290856845,
        -0.12173486291683557,
        -0.06648616732721319,
        13.99511866813219,
        0.0
      ],
      [
        -4.079021594861157,
        21.882082296773742,
        -0.01431096982383639,
        1.9823286498367139,
        3.9495508390251945,
        15.381527058554166,
        0.006558827178836614,
        0.4569872005623627,
        -0.005028998844118478,
        -0.0020617439957140373,
        3.956732100734565,
        -0.05804118426149927,
        -5.880833712212634,
        8.135357771209664,
        -0.015141666625609678,
        -0.014828427128596635,
        0.09499621161291084,
        -0.00035100357136074356,
        -0.24370534203798255,
        -0.08277499628233567,
        -14.728520583234038,
        0.0
      ],
      [
        2.952897711734135,
        9.127487663986756,
        0.008509250598234784,
        1.040799022994062,
        2.10350415551708,
        -19.59200433917286,
        0.0020805381935998808,
        3.3797922538896272,
        0.0037516494500654724,
        -0.004112498163846271,
        -2.621842543655994,
        0.023555001160616634,
        -4.594267109568649,
        5.013139361610604,
        -0.005333090824457272,
        0.021208201290856845,
        -0.00035100357136074356,
        0.06438628779065687,
        -0.4821466774705421,
        0.03857774331405323,
        -1.3866758777681962,
        0.0
      ],
      [
        69.72147275978193,
        -128.85228906270052,
        -0.1458872149752133,
        -82.95983229851201,
        -166.15527814520325,
        69.18714263717199,
        -0.27528961768272797,
        23.871278357660074,
        0.053533664817921225,
        0.2575206181676224,
        15.862565413992634,
        0.034638866755144854,
        35.59995313970525,
        -47.26457840720066,
        -0.1421416176268389,
        -0.12173486291683557,
        -0.24370534203798255,
        -0.4821466774705421,
        59.79073074227034,
        0.33231784194147274,
        2174.8505934210434,
        0.0
      ],
      [
        4.160348361679963,
        -51.048372466490946,
        0.03298946080236488,
        -1.8123158699336304,
        -3.6265576265607584,
        -26.895810393818852,
        -0.021627185437307225,
        19.46017216201261,
        0.034853281945787434,
        0.010315177199523863,
        -6.0261861065815925,
        0.06636927814805432,
        3.529117875891279,
        -5.0716845593873945,
        -0.035032279331933064,
        -0.06648616732721319,
        -0.08277499628233567,
        0.03857774331405323,
        0.33231784194147274,
        0.4348415332074184,
        20.044561010524088,
        0.0
      ],
      [
        -867.4582226541704,
        1056.9176928573684,
        -7.6393125926458305,
        -7264.032064377034,
        -14549.560449419238,
        -3743.043940404042,
        -12.938046765738164,
        918.9827437881464,
        1.0311659271297107,
        11.15273708491175,
        1331.1089900526601,
        18.16003363168581,
        1848.674509680738,
        -1270.489166912556,
        -24.233617574050296,
        13.99511866813219,
        -14.728520583234038,
        -1.3866758777681962,
        2174.8505934210434,
        20.044561010524088,
        172670.32325415255,
        0.0
      ],
      [
        0.0,
        0.0,
        0.0,
        0.0,
        0.0,
        0.0,
        0.0,
        0.0,
        0.0,
        0.0,
        0.0,
        0.0,
        0.0,
        0.0,
        0.0,
        0.0,
        0.0,
        0.0,
        0.0,
        0.0,
        0.0,
        1000000.0
      ]
    ],
    [
      [
        131.09602419793993,
        -0.01878723547610898,
        -0.20361631124746649,
        -0.011023140804008527,
        0.005511570406612751,
        -0.08122605857331283,
        0.0033606325399553817,
        -0.14402527088098666,
        0.0007002925864197764,
        0.025444876730498438,
        -0.07895875843881547,
        0.004004633143175093,
        -0.45015636022648375,
        -0.36071349821572657,
        0.014082804374355901,
        -0.01605418717454171,
        -0.01894347774679763,
        -0.0025090359192230394,
        1.0989529012002782e-13,
        0.007872700193854366,
        0.0,
        0.0
      ],
      [
        -0.01878723547610898,
        131.25984470616928,
        -0.023165805813372194,
        0.00793318081189984,
        -0.003966590403686791,
        -0.31973770517945876,
        -0.00043484976992265684,
        -0.5438439640547879,
        0.00658601134594889,
        0.00198091063681473,
        0.13467639222490105,
        -0.08896762586289499,
        -0.24969255390033415,
        -0.1681535354381944,
        -0.0727206842894633,
        0.007951651921256582,
        0.05654937541224411,
        0.0017863252394830199,
        -4.5332603733771617e-13,
        -0.047767342202283215,
        0.0,
        0.0
      ],
      [
        -0.20361631124746649,
        -0.023165805813372194,
        0.16180393002719826,
        -0.03683778654059434,
        0.018418893253236254,
        -0.056016254461625954,
        -0.05719622075682737,
        -0.11187541324313328,
        -0.0008377913943162465,
        -0.02130367356510352,
        -0.12986622866390699,
        -0.014060035479047751,
        -0.16223479358355927,
        -0.09866108454232882,
        0.010876334778919451,
        0.0005925053525563254,
        0.002785914478704162,
        -0.008370959789824977,
        -4.206114586985248e-13,
        -0.013327476277643288,
        0.0,
        0.0
      ],
      [
        -0.011023140804008527,
        0.00793318081189984,
        -0.03683778654059434,
        26.352580145388004,
        52.63467832078915,
        0.026459271230163835,
        0.003384342119987936,
        0.05512172709531659,
        0.0006341520227263256,
        0.011264588700161728,
        0.00532575360903493,
        0.005114529552247067,
        -0.007411103018628796,
        0.014119743981164883,
        -0.005533825801042679,
        -0.002696960427069679,
        -0.0005781022956880026,
        0.00265474660800086,
        -2.149412286905334e-12,
        0.008602946117296872,
        0.0,
        0.0
      ],
      [
        0.005511570406612751,
        -0.003966590403686791,
        0.018418893253236254,
        52.63467832078915,
        105.30459762654357,
        -0.013229635626658532,
        -0.0016921710565271472,
        -0.027560863557182964,
        -0.0003170760114481939,
        -0.0056322943467294415,
        -0.0026628767951394523,
        -0.002557264777156416,
        0.0037055515097813405,
        -0.007059871984880157,
        0.0027669129041050285,
        0.0013484802141424603,
        0.000289051143168185,
        -0.00132737330164604,
        -4.106592175583782e-12,
        -0.0043014730652591315,
        0.0,
        0.0
      ],
      [
        -0.08122605857331283,
        -0.31973770517945876,
        -0.056016254461625954,
        0.026459271230163835,
        -0.013229635626658532,
        130.81974014398784,
        0.008234585598291343,
        -1.288739778170417,
        0.007170733927397913,
        -0.011893650219377206,
        0.3738093590601248,
        -0.1405602092642634,
        0.2725792320563568,
        0.13346433952950482,
        -0.028006107057887617,
        -0.11829207385337995,
        0.08685984714510037,
        0.028331873251975916,
        -2.2260749360666984e-12,
        -0.08917099109281418,
        0.0,
        0.0
      ],
      [
        0.0033606325399553817,
        -0.00043484976992265684,
        -0.05719622075682737,
        0.003384342119987936,
        -0.0016921710565271472,
        0.008234585598291343,
        0.0360519866473204,
        0.012828547995943986,
        -8.487342704611783e-05,
        -0.0005182232914917914,
        0.0042973579277864726,
        0.006587477614088844,
        0.016925114478236056,
        0.008791102944320233,
        -0.006495886610506457,
        0.005304581076206493,
        -0.0013018618820760308,
        0.0019194902260930894,
        3.870890993517121e-13,
        0.0018833578410218815,
        0.0,
        0.0
      ],
      [
        -0.14402527088098666,
        -0.5438439640547879,
        -0.11187541324313328,
        0.05512172709531659,
        -0.027560863557182964,
        -1.288739778170417,
        0.012828547995943986,
        129.2521386904523,
        0.01090025316067254,
        -0.018655210832664804,
        0.7428334029315757,
        -0.226097385814818,
        0.41032743141340833,
        0.16471113517585528,
        -0.09906715113077336,
        -0.20859146137496326,
        0.1161246124519293,
        0.04781862710047553,
        -2.516678728725279e-12,
        -0.0950198482415486,
        0.0,
        0.0
      ],
      [
        0.0007002925864197764,
        0.00658601134594889,
        -0.0008377913943162465,
        0.0006341520227263256,
        -0.0003170760114481939,
        0.007170733927397913,
        -8.487342704611783e-05,
        0.01090025316067254,
        0.0005879094645763157,
        4.105623431759195e-05,
        -0.0019410756911652036,
        0.0035642395987782382,
        -0.013620804920730074,
        -0.002111384570785918,
        0.0011650193484142935,
        0.0006557560680295392,
        0.0006420609132323788,
        -0.00040992067611656533,
        -7.76188040359736e-14,
        0.0016859582627654086,
        0.0,
        0.0
      ],
      [
        0.025444876730498438,
        0.00198091063681473,
        -0.02130367356510352,
        0.011264588700161728,
        -0.0056322943467294415,
        -0.011893650219377206,
        -0.0005182232914917914,
        -0.018655210832664804,
        4.105623431759195e-05,
        0.02597920620319712,
        -0.016175821985793874,
        -0.005750371432730991,
        -0.0025996899918347897,
        0.010534996509792408,
        0.0006842524129724093,
        -0.007135563898033085,
        -0.00015102267249751932,
        0.00337813373079047,
        8.802494203400545e-14,
        0.004142453046439387,
        0.0,
        0.0
      ],
      [
        -0.07895875843881547,
        0.13467639222490105,
        -0.12986622866390699,
        0.00532575360903493,
        -0.0026628767951394523,
        0.3738093590601248,
        0.0042973579277864726,
        0.7428334029315757,
        -0.0019410756911652036,
        -0.016175821985793874,
        131.0271864370845,
        0.12987228745127416,
        -0.10467032802861362,
        -0.10387190133861132,
        0.032674079406744855,
        0.055969072865517916,
        -0.013209445378769783,
        0.004817290626604552,
        2.2419439259519416e-13,
        0.0007188248687846573,
        0.0,
        0.0
      ],
      [
        0.004004633143175093,
        -0.08896762586289499,
        -0.014060035479047751,
        0.005114529552247067,
        -0.002557264777156416,
        -0.1405602092642634,
        0.006587477614088844,
        -0.226097385814818,
        0.0035642395987782382,
        -0.005750371432730991,
        0.12987228745127416,
        0.25892185556701075,
        0.023275465301802828,
        -0.12716681107856875,
        0.004604600476823741,
        0.009769663752991946,
        -0.009202480899551346,
        0.01946508749427514,
        -1.8539741456368665e-13,
        0.021743894733860288,
        0.0,
        0.0
      ],
      [
        -0.45015636022648375,
        -0.24969255390033415,
        -0.16223479358355927,
        -0.007411103018628796,
        0.0037055515097813405,
        0.2725792320563568,
        0.016925114478236056,
        0.41032743141340833,
        -0.013620804920730074,
        -0.0025996899918347897,
        -0.10467032802861362,
        0.023275465301802828,
        123.50378299596011,
        -5.015946919708475,
        -0.0013815301734159972,
        -0.047784881597408915,
        0.12309946311869403,
        0.07446115332495572,
        2.6547052637401895e-12,
        -0.09143908718103347,
        0.0,
        0.0
      ],
      [
        -0.36071349821572657,
        -0.1681535354381944,
        -0.09866108454232882,
        0.014119743981164883,
        -0.007059871984880157,
        0.13346433952950482,
        0.008791102944320233,
        0.16471113517585528,
        -0.002111384570785918,
        0.010534996509792408,
        -0.10387190133861132,
        -0.12716681107856875,
        -5.015946919708475,
        127.59036837365872,
        0.004011051373044731,
        -0.024238023188598416,
        0.059357042706011734,
        0.05089518072032301,
        1.0232101347848371e-12,
        -0.026230988625346372,
        0.0,
        0.0
      ],
      [
        0.014082804374355901,
        -0.0727206842894633,
        0.010876334778919451,
        -0.005533825801042679,
        0.0027669129041050285,
        -0.028006107057887617,
        -0.006495886610506457,
        -0.09906715113077336,
        0.0011650193484142935,
        0.0006842524129724093,
        0.032674079406744855,
        0.004604600476823741,
        -0.0013815301734159972,
        0.004011051373044731,
        0.053935934004341685,
        -0.014461648869204036,
        0.006168950101095088,
        -0.0010615149543193583,
        1.756233087550446e-13,
        -0.010490508460464863,
        0.0,
        0.0
      ],
      [
        -0.01605418717454171,
        0.007951651921256582,
        0.0005925053525563254,
        -0.002696960427069679,
        0.0013484802141424603,
        -0.11829207385337995,
        0.005304581076206493,
        -0.20859146137496326,
        0.0006557560680295392,
        -0.007135563898033085,
        0.055969072865517916,
        0.009769663752991946,
        -0.047784881597408915,
        -0.024238023188598416,
        -0.014461648869204036,
        0.06452394277389552,
        0.0033053090928674717,
        -0.008170376999178249,
        1.4259675086680507e-13,
        -0.013564344285976066,
        0.0,
        0.0
      ],
      [
        -0.01894347774679763,
        0.05654937541224411,
        0.002785914478704162,
        -0.0005781022956880026,
        0.000289051143168185,
